0, bSbSbSbSbSbSbSbSbSbSbSbSbSbSbSbSbSbSbSbSbSbSbSzZuIuIuIuIuIuIuIuIuIuIuIuIzRzRzRzRzRzRzRzRzRzRzRzRzRoZoZoZoZoZoZoZoZoZoZoZoZoZoZpZpZpZpZpZpZpZpZpZpZpZpZpZcAcAcAcAcAcAcAcAcAcAcAcAcAcAcAlQlQlQlQlQlQlQlQlQlQlQlQlQlQlQlQlQlQlQlQaZaZaZaZaZaZaZaZaZaZaZaZaZaZaZaZaZaZaHaHaHaHaHaHaHaHaHaHaHaHaHaHmNeZ
1, zTaAaAaAaAaAaAaAaAaAaAaAaAzZzZzZzZzZzZzZzZzZzZzZzZzZzZzZzZzZzZzZzZzZzZzZzZzZzZzZzZzZzZzZzZzZzZzZzZzZaYaYaYaYaYaYaYaYaYaYaYaYaYaYaYaYaYaYaYaYaYaYsDdZdZpApApApApApApApApApApApApApApApApApAaZaZaZaZaZaZaZaZaZaZaZaZaZaZaZaZaZaZaZaZaZaZaZaZaJaJaJaJaJaJaJaJaJaJaJaJaJaJaJaJaJaJaJaJaJaJaJaJaJaJaJpB
2, aBaBaBaBaBaBaBuAjMjMjMjMjMjMzDzDzDzDzDzDzDzDzZzZzZzZzZaAaAaAaAyAyAyAyAyAyAyAyAyAyAyAyAyAyAyAyAyAyAyAyAyAyAyAyAyAyAyAyAyAaAaAaAaAaAaAaAaAaAaAaAaAaAaAaAaAaAaAaAaAaAaAzAzAzAzAzAzAzAzAzAaZ
3, eZeZeZeZeZeZeZeZeZeZeZeZeZeZeZeZeZeZzXzXzXzXaAaAaAaAaAaAaAaAaAaAaAaAaAaAaAaAaAaZaZaZaZaZaZaZaZaZxFxFxFxFaCaCaCaCaCaCaCaCaCaCaCaCaCaCaCaCaCaCaCaCaCaCaCaCaCaCaCaCaCaZaZaZaZaZaZaZaZaZaZaZaZaZaZaZaZaZaAaAaAaAaAaAaAaAaAaAaAaAaAaAaAaAaAaAaAaAaZaZaZaZaZaZaZaZaZaZaZaZaZaZaZaZaZaZfX
4, aZaZaZaZaZaZaZaZaZaZaZaZaZaZaZaZaZaZaZaZaZaZaZaZaZaZzAzZzZzZzZzZzZzZyXzAzAzAzAzAzAzAzAzZzZzZzZzZzZaAaAaAaAaAaAaAaAaAaAzZzZzZzZzZzZzZzZzZzZzZzZzZzZzZzZzZzZzZzZzZzZzZzZlX
5, yOyOyOyOyOyOyOyOyOyOyOyOyOyOyOyOyOyOyOyOyOtZiZiZiZiZiZiZiZiZiZiZiZiZiZiZiZzZaZuSuSuSuSuSuSuSuSuSuSnZnZnZnZnZnZnZzZzZzZzWzWzWzWzWzWzWzWzWzWzWzWzWzWzWzWzWzWzWzWzWzWzZzZzZzZzZzZzZzZzZzZzZzZzZzZzZzZzZzZzZzZzZzZzZzZzZzZzZzZzZzZzA
6, aZkZzZzZzZzZzZzZzZzZzZzZzZzZzZzZzZzZzZfAfAfAfAfAfAlZmZmZmZmZmZmZmZmZmZmZmZmZmZmZmZmZmZmZmZmZbHbHbHbHbHbHbHbHbHbHbHbHbHbHbHbHbHbHbHbHbHbHbHbHnZnZnZnZnZnZnZnZnZnZnZnZnZnZvZ
7, zAyAyAtAtAtAtAtAtAtAtAtAtAtAtAtAtAtAtAtAtAtAtAtAtAtAoZyXpQpQpQpQpQpQpQpQpQpQpQpQpQpQpQpQpQpQpQpQpQpQpQpQpQpQpQpQpQpQpQpQpQpQpQpQpQpQpQpQpQpQpQpQpQpQpQpQpQaF
8, aAaAaAaAaAaAaAaAaAaAaEaEaEaEaEaEaEaEaEaEaEaEaEaEaEhAhAhAhAhAhAhAhAhAhAaTaTaTaTaTaTaTaTaTaTaTaTaThZhZhZhZhZhZaZaZaZaZaZaZaZaZaZaZaZaZzAoToTzZzZzZzZzZzZzZzZzZzZzZzZzZzZzZzZzZzZzZzZzZzZzZzZzZzZzZzZzZzZzZaA
9, aLaLaLaLaLaLaLaLaLaLlNlNlNlNlNlNlNlNlNlNlNlNlNlNlNlNlNlNlNlNlNlNlNlNeZeZeZeZeZeZeZeZaAaIaIaIaIaIaIaIaIaIaIaIaIaIaIaIaIaIaIaIaIaIaIaIzFzFzFzFzFzFzFzFzFzFzFzFzFzFzFzFzFzFwAwAwAwAwAwAaAaAaAaAaAaAaAaAaAaAaAaAaAaAaAaAaAaAaAaAaAaAaAaAaAaAaAaAaAaAaAaAaAaAaAaAgLgLgLgLgLgLgLgLgLgLgLgLgLgLgLgLgLgLmUzZ
10, kAaYvZvZvZvZvZvZvZvZvZvZvZvZvZvZvZvZvZvZvZvZvZvZvZvZvZvZvZvZvZvZlVlVlVlVsCsCsCsCsCsCsCsCsCsCsCsCsCsCsCsCsCsCsCsCvWvWvWvWvWvWvWsDsDsDsDsDsDsDsDsDsDsDsDsDsDsDsDaFaFaFaFaFaFaFaFaFaFaFaFaFaFaFaFaFaFaFaFaFaFaFaFaFaFaFaFaFaFaZaZaZaZaZaZaZaZaZaZaZaZaZaZaZaZaZaZaZaZaZwAwAwAwAwAwAwAwAwAwAwAwAwAwAwAwAwAwAwAwAwAwAwAwAaXaXaXaXaXaXaXaXaXaXaXaXaXaXaXaXaXaXaXaXaXaXcEcEcEcEcEcEcEcEcEcEcEcEcEcEcEcEzX
11, aZdIdIdIdIdIdIdIdIdIdIdIdIdIdIiZiZiZiZiZiZiZiZiZiZiZaZaZaZaZaZaZaZaZhAhAhAhAhAhAhAhAhAhAhAhAhAhAhAhAhAhAhAaAySySySySySySySySySySySySySySySySySySySySySySySySxGxGxGxGxGxGxGxGxGxGxGxGxGxGxGxGzAzAzAzAzAzAzAzAzAzAzAzAzAzAzAzAzAzAzAzAjA
12, zAzAzAzAzAzAzAzAzAzAzAaRaRaRaRzZzZzZzZzZzZzZzZzZzZaKwZwZwZwZwZwZwZwZwZaWaWaWaWyPyPyPyPyPyPyPyPyPyPyPyPyPyPyPyPyPyPyPyPyPyPyPyPzVzVzVzVzVzVzVzVzVaJaJaQaQaQaQaQaQaQaQaQaQaQaQaQaQaQaQaQaQaQaQaQaQaQaQaQaQaQaQaQaQaQaQaQaQaQaQaQaQaQaQaQaQaQaQaQaQaQaQaQaQaQaQaQaQaQaQaQaQaQaQaQaQaQaQaQaQaCaCaCaCaCaCaCaCaCaCaCaCaCaCaCaCaCaCaCaCaCaCaCaCaCaCaCaCaCaCaCaCjZ
13, aAaAaAaAaAaAaAaAaAaAaAaAaAcAzZzZzZzZzZzZzZzZzZzZzZzZaAzAzAzAzAzAzAzAzAzAzAzAzZzZzZzZzZzZzZzZzZzZzZzZzZzZzZzZzZzZzZzZzZzZzZzZzZzZzZzZeZ
14, aAaAaAaAaAaAaAaAaAaAaAaAaAaAyIqAaMrAzAzAzAzAzAzAzArZrZrZrZrZrZrZrZrZrZrZrZrZrZrZrZrZrZrZrZrZrZrZrZrZrZrZrZrZrZrZrZrZrZrZrZrZaQaQaQaQaQaQaG
15, mWaZaZaZaZaZaZaZaZaZwAwAwAwAwAwAwAwAwAwAwAwAwAzPzPzPzYzYzYzYzYzYzYzYzYzYzYzYzZzZzZzZzZzZzZzZzZzZzZzZzZzZzZzZzZzZzZzZzZzZzZzZzZzZzZzZaOuAzAzAzAzAzAzAzAzAzAzAzAzAzAzAzAzAzAaZaZaZaZaZaZaZaZaZaZaZaZaZaZaZaZaZaZaZaZzA
16, zUzUaYaYaYaYaYaYaYaYaYaYaYaYaYaYaYaYaYaYaYaYaYaYaYzZzZzZzZzZzZzZzZzZzZzZzZzZzZzZzZzZzZzZzZzZzZzZzZzZzZzZzZzZzZzZaOnAnAnAnAnAnAnAnAnAnAnAnAnAnAnAnAnAnAnAnAnAaVaVaVaVaVaVaVzAzAzAzAzAzAzAzAzAzAzAzAzAzAzAzAzAzAgAzNzNzNzNzNzNzNzNzNmEmEmEmEmEmEmEmEmEmEmEmEmEmEmEmExGxGxGxGxGxGxGxGxGxGxGxGxGxGxGxGxGxGxGxGxGxGxGxGxGxGxGxGxGfV
17, rAaUzZzOzOzOzOzOzAzAzAlJlJlJlJlJlJlJlJlJlJlJaZaZaZaZaZaZaZaZaZaZaZaZaAaAaAaAaAaAzAcIcIcIcIcIcIcIcIcIcIaFaFaFaFaFaFaFaFaFaFaFaFaFaFaFaFaFaFaFaFaFaFaFaFaZ
18, aYsQfZlZlZlZlZlZzItZtZtZtZtZtZtZtZtZtZtZtZtZtZtZmXmXmXmXmXmXmXmXmXmXmXmXmXmXmXjZjZjZjZjZjZjZjZjZjZjZjZjZjZjZjZjZjZjZjZjZjZjZjZjZjZjZjZjZjZjZjZjZjZaZaZaZaZaA
19, aZqZqZqZqZiZaPaPaPaPaPaPaPaPaPrCzZzZzZzZzZzZzZzZzZzZzZzZzZzZzZzZzZzZzZzZzZzZzZzZzZzZzZzZzZzZzZzZzZzZzZzZzZzZzZzZpApAaMaMaMaMaMaMaMaMnZnZnZnZnZnZnZnZnZnZnZnZnZgDgDgDgDgDgDgDgDgDgDgDgDgDgDgDgDgDgDgDgDgDgDgDgDgDgDgDgDgDgDaA
20, aAaAaAaAaAaAaAaAaAaAaAaAaAaAaAaAaAaAaAaAaAaAaAaAaAaAaAaAaAaAaAzZzZzZzZzZzZzZzZzZzZzZzZzZzZzZzZoZoZoZoZoZoZoZoZoZoZoZoZoZoZoZoZoZoZoZoZoZaZaZaZaZaZaZaZaZaZaZaZaZaZaZaZaZaZaZaAzAzAzAzAzAzAzAzAzAzAzZzZzZzZzZzZzZzZzZzZzZzZzZzZzZzZzZzZzZaA
21, nZoAzAaAaAaAaAaAaAaAaAaAaAqZqZqZqZqZqZaZaZaZaZaZaZaZaZaZaZaZaZaZaZaZaZaZaZaZaZaZaZaZaZaZaZaZaZaZaZaZaZaZaZaZaZaZaZaZaZaZaZaZaZaZaZaZaZaZaZaZaZaLaLaLaLaLaLaLaLaLaAlAlAlAlAuXuXuXuXuXuXuXuXuXuXuXuXaZaZaZaZaZaZaZaZaZaZaZaZaZaZaZaZaZaZaZaZaZaZaZaZaZaZaZaZaZaZaZaZaAaAaAaAaAaAaAaAaAaAaAaAaAaAaAaAaAaAaAaAaAaAaAaAaAaAaAaAaAaAaAaAaU
22, uJuJuJuJuJuJuJuJuJuJuJuJuJuJuJzZtZtZtZjNjNjNjNjNjNjNjNjNjNjNuAuAuAuAuAuAuAuAuAuAqCqCqCqCqCqCqCqCqCqCqCqCqCqCqCqCqCqCqCqCqCqCqCqCqCqCeXeXeXeXeXeXeXeXeXeXeXeXeXeXnAnAnAnAnApApApApApApApApApApApApApApApApAiViViViViViViViViViViViViViViViViVcM
23, aZiZiZiZiZiZiZiZiZiZiZiZiZaAaAaAaAaAaAaAaAaAaAaAlZlZlZlZlZlZlZlZlZlZlZlZlZqZqZqZqZqZqZqZzVzVzVzVzVzVzVzVzVaSaSaSaSaSaSaSaSaSaSaSaSaSaSaSaSaSaSaSaSaSaSaSaSaSaSzZzZzZzZzZzZzZzZzZzZwZwZwZwZwZwZwZwZwZwZwZwZwZwZwZwZwZwZwZwZwZwZwZwZwZwZwZwZwZwZwZaZ
24, zBzBzBzBzBzBzBzBzBzBzBzBsZsZsZsZsZsZzZzZzZzZzZzZzZzZzZzZzZzZzZzZzZzZzZzZzZzZzZzZzZzZzZzZzZzZzZzZjVjVfMfMfMfMfMfMfMfMfMfMfMfMfMfMfMfMfMfMzZzZzZzZzZzZzZzZzZzZzZzZzZzZzZzZzZlZlZlZlZlZlZlZlZlZlZlZlZlZlZlZlZlZlZlZlZlZlZlZlZlZlZlZlZlZlZlZlZlZaA
25, zCzCzCzCaJzSzQzQzQzQzQzQzQzQzQuZuZuZuZuZuZuZuZuZuZuZuZuZuZuZuZuZuZuZuZaVaVaVaVaVaVaVaVaVaVaVaVaVaVaVaVaVaVaVaVaVaVzMzMzMzMzMaZaZaZaZaZaZaPcAcAcAcAcAcAcAcAcAcAcAcAcAcAcAcAcAcAcAcAvTvTvTvTvTvTvTvTvTvTvTvTvTvTvTvTvTvTvTvTvTvTvTvTvTvTvTvTvTzZzZzZzZzZzZzZzZzZzZzZzZzZzZzZzZzZzZaG
26, vAaZaZaZaZaZaZaZzWzWzWzWzWuAuAuAuAuAuAmApZpZpZpZpZpZpZpZpZpZpZpZpZpZpZpZpZpZpZpZpZpZpZzZzZzZzZzZzZzZzZzZzZzZzZzZzZzZzZtAtAtAtAtAtAtAtAtAtAtAtAtAtAtAtAtAtAtAtAtAtAtAqC
27, aDaXzZaZaZaZaZaZaAaAaAaAaAaAaAyPyPyPyPyPyPyPyPaZaMaMaMaMaMaMaMaMaMaMaMaMaMaAaAaAaAaAaAaAaAaHaHaHaHaHaHaHyZyZyZyZyZyZyZyZyZyZyZyZyZyZyZyZyZyZyZyZyZyZyZyZyZyZyZyZyZyZyZyZyZyZyZyZyZyZyZqA
28, rVrVrVrVrVrVrVrVrVtEtEtEtEtEtEtEtEtEtEtEtEtEtEiAiAiAiAiAiAiApCaIaIaIeMeMzMzZzZzZzZzZzZzZzZzZzZzZzZzZzZzZzZzZzZzZxZxZxZxZxZxZxZxZxZxZxZxZxZxZzZzZzZzZzZzZzZzZzZzZzZzZzZzZzZzZzZzZzZzZzZzZzZzZzZzZzZzZzZzZzZzZzZzZzZzZzZzZzZzZzZzZzZzZzZzZzZaZ
29, aEaEaEaEkAmAmAmAmAmAmAmAmAmAmAmAzBzBzBzBzBzBzBpZtQtQtQaAaAaAaAaAaAaAaAaAaAaAaAaAlA
30, cAcAcAcAcAcAcAcAcAcAcAcAcAcApZyLyLyLyLyLyLyLyLyLpZaZdAdAdAdAdAdAdAdAdAdAdAdAdAdAdAdAdAdAdAdAdAdAdAdAdAdAdAdAqRqRqRqRqRqRqRqRzZzZzZzZzZzZzZzZzZzZzZzZzZzZzZzZzZzZzZzZzZzZzXzXzXzXzXzXzXzXzAzAzAaAaAaAaAaAaAaAaAaAaAaAaAaAaAaAaAzX
31, bAqZzAzUzYzYzYzYzYzYcZcZcZcZcZcZcZcZcZcZcZmYzFzFzFzFzFzFzFzFzFzFzFzFzFzFzFzFzFzFzFzFzFzFzZzZzZaFaFaFaFaFaFaFaFaFaFaFaFaFaFaFaFaFaFaFaFaFaFaFaFaFaH
32, aAaAaAaAaAaAaAaAaAaAaAaAaAaAaAaAaAaAaWaSaSaSaSaSaSaSaSaSaSzEeYtZnZqHqHqHqHqHqHqHqHqHpZpZpZpZpZpZpZpZpZpZpZpZpZpZpZpZpZpZsMsMsMsMsMsMsMsMsMsMsMsMsMsMsMsMsMsMsMsMsMsMvN
33, aWaWaWaWaWaTaTaTaTaTaTaTaTaTaTaTaTaTaTaTaTaTaTaTaTaTaTaTpApApApApApAzZzZzZzZzZzZzZzZzZzZxFxFxFxFxFxFxFxFxFxFxFxFxFxFxFxFxFxFxFxFxFxFxFaYzFzFzFzFzFzFzFzFzFzFzFzFzFzFzFzFrTiZiZiZiZiZiZiZiZiZiZiZiZiZiZiZfAfAfAfAfAfAfAfAaX
34, lZlZlZlZlZlZlZlZlZlZlZzAzAzAzAzAzAzCzZzZzZzZzZzZzZzZzAzAzAzAzAzAzAzAzAzAzAzAlA
35, yEyEyEyEyEyEyEyEyEyEyEyEyEyEyEyEyEyEyEyEyEyEyEoZeAtZtZtZtZtZtZtZtZaDaPaPaPaPaPaPaPaPaPaPaPaPaPaPaPaPaPaPaPaPaPzAzAzAzAzAzAzAzAzAzAzAzAzAzAzAzAzAzAzAzAzAzAzAzAzAzZzZzZzZzZzZzZzZzZzZzZaZaZaZaZaZaZzZzZzZzZzZzZzZzZzZzZkRkRkRkRhUhUhUhUhUhUhUhUhUhUaAaAaAaAzA
36, zZzZzZzZzZzZzZzZzZzZzZzZzZzZzZzZzZzZzZzZzZzZzZzZzZzAzZiIiIiIiIaAaAaAaAaAaAaAaAaAaAuQuQuQkZdBdBdBdBdBdBdBdBdBdBdBdBdBdBdBaZ
37, tZtZtZtZtZtZtZtZtZtZtZaZaZoAoAoAoAoAoAoAoAoAoAoAoAoAoAoAoAoAoAoAoAoAoAoAoAoAoAoAaZaZaZaZaZaZaZaZaZaZaZaZaZaZaZaZaZaZaZaZaZaZaZaZaZaZaZaZfGfGfJfJfJfJfJfJfJfJfJfJfJfJfJfJfJfJfJfJfJfJfJiAiAiAiAiAiAiAiAiAiAiAiAiAiApAzZzZzZzZzZzZzZzZzZzZmPmPmPmPmPmPmPmPmPmPmPmPmPmPmPmPmPmPmPaZaZaZaZaZaZaZaZaZaZaZaZaZaZaZaZaZaZaZaZaZaZaZaZaZaZaZaZaZaZaZaZaZaZaZaZaZaZaZ
38, aZzAaZaZaZaZaZaZaZaZaZaZaZaZaZcGcGcGcGcGcGcGcGcGcGcGzFzDzDzDzDzDzDzDzDzDzDzDzDzDzDzDzDzDzDrZrZrZrZrZrZrZrZrZrZrZrZrZrZrZrZrZrZrZrZrZrZrZrZrZrZrZrZuZzZzYzYzYsDsDsDsDsDsDxZxZxZxZxZxZxZxZxZxZxZxZxZxZxZxZxZxZxZxZxZxZxZxZxZxZxZxZxZxZxZxZxZxZzS
39, aNaAaAaAaAaAaAzZzAzAzAzAzAzAzAzAzAzAaAaAaArZzAzAeAeAeAeAeAeAeAeAeAeAeAeAeAeAeAeAeAzZzZzZzZzZzZzZzZzZzZzZzZzZzZzZzZzZzZzZzZzZzZzZzZzZkA
40, jAaFmAmAmAmAmAmAmAmAmAmAmAmAmAoAoAaUaUaUaUaUaUaUaUaUaUaUaUaUaUaUaUaUaZaZaZaZaZaZaZaZaZaZaZaZaZaZaZaZaZaAaAaAaAaAaAaAaAaAaAaAaAaAaAaAaAaAaAaAaAaAaAaAaAaAaAaFaFaFaFaFaFaFaFaFaFaFaFaFaFaFaFaFaFaFzBzBzBzBzBzBzJyAyAyAyAyAyAyAyAyAyAyAyAyAyAyAyAyAyAyAyAyAyAtZtZtZtZtZtZtZtZtZtZtZtZtZtZtZtZtZtZtZtZtZtZtZtZtZtZaH
41, aZbZcRcRcRcRcRcRcRcRcRzZzZzZzZzZzZzZvZvZvZvZaAyZzJzJzJzJzJzJzJzJzJzJzJzJzJzJzJzJzJzJzJzOzOzOzOzOzOzOzOzOzOzOzOzOzOzOzOzOzOzOzOzOzOzOzOzOzOzOzOzOzOzOzOzOzOzOzOzOzOzOzOzOzOzOzOzOzOzOzOaZaZaZaZaZaZaZaZaZaZaZaZaZaZaZaZaZaZaZaZaZaZaZaZaZaZaZaZaZaZaZaZaZaZaZaZaZaV
42, aVaVaVaVaVaVfAfAsJsJsJsJsJsJsJsJsJsJsJsJoAoAoAoAoAoAoAoAoAoAoAoAoAhZhZhZhZhZhZvZvZvZvZcAvMvMvMvMvMvMvMvMvMzAzAzAzAzAzAzAzAzAzAzAzAzAzAzAzAzAzAzAaG
43, aZaZaZaZaAaAaAaAaAaAaAaAaAaAaAaAaAoZoZoZoZoZoZaZaZaZaZaZaZaZaZaZaZaZaZaZaZaZaZaZaZaZaZaZaZaZaZzAaZaZaZaZaZaZaZaZaZaZaZaZaZaZcAkGkGkGkGkGkGkGkGkGkGkGkGkGkGkGkGkGkGkGaZaZaZaZaZaZaZaZaZaZaZaZaZaZaZaZaZaZaZaZaZaZaZaZaZaZaZaZaZaZaZaZaZaZaZaZaZaZaZaZcZcZcZcZcZcZcZcZcZcZcZcZcZcZcZcZcZcZcZcZcZcZcZcZcZcZoZoZoZoZoZoZoZoZoZoZoZoZoZoZoZoZoZoZoZoZoZoZoZoZoZoZoZoZwA
44, jAjAjAjAjAjAjAjAjAcKcKcKcKcKcKcKvZvZvZvZvZvZvZvZvZvZvZaAaAaAaAaAaAaAaAaAaAaAaAaAaAaAaAaAaAaAaAaAaAaAaAaAaAnAnAnAnAaAaAaAaAaAaAaAaAaAaAaAaAaAaAaAaAaAaAaAaAaAaAaArArArArArArArArArArArArArArArArArArArAzAzAzAzAzAzAzAzAzAzAzAzAzAzAzAzAzAzAzAzAzAzAzAzAzAzAzAaAaAaAaAaAaAaAaAaAaAaAaAaAaAaAaAaAaAaAaAaAaAaAaAaAaAaAaAzAzAzAzAzAzAzAzAzAzAzAzAzAzAzAzAzAzAzAzAzAzAzAzAzAzAzAzAzAzAzAzAzAzAzAzAzAzAzAzAzAzAzAzAzAzAzAzAzAzAzAzM
45, jHaAaAaAaAaAaAaAaAaAaAzAsKsKsKsKsKsKsKsKsKtRtRtRtRtRtRtRtRtRtRtRtRaIzMzAzAzAzAzAzAzAzAzAzAzAzAzAzAzAzAzAzAzAzAzAzAzAzAzAzAzAqHqHqHqHqHqHqHqHqHqHqHqHqHqHqHqHqHqHqHqHqHqHqHqHqHqHqHqHvA
46, zJzJzJzJzJzJzJzJzJzJaAzZzZzZzZzZzZzZzZzZzZzZzZzZzQzQzQzQzQaZhAaAzWzWzWzWzWzWzWzWzWzWzWzWzWaKaKaKaKaKaKaUaUaUaUaUaUaUaUaUaUaUcZ
47, aKmAmAmAmAmAmAmAmAmAmAmAmAmAmAmAmAmAdUoZoZoZoZoZoZoZoZoZoZoZoZoZoZzAzZzZzZzZzZoZoZoZoZoZoZoZoZoZoZoZoZoZoZoZoZoZoZoZoZoZhZhZhZhZhZhZhZhZhZhZhZhZhZhZhZhZhZhZhZlJ
48, kBkBkBkBkBkBkBkBkBkBkBkBkBkBkBkBzPzPzPzZzZzZzZzZzZzZzZgAzGzGzGzGzGzGaDaDaDaDaDaDaDaDaDaDzMzMzMzMzMzMzMzMzMzMrJgTgTgTgTgTgTgTgTgTgTgTgTgTgTgTgTgTgTgTgTgTgTgTgTgTgTgTgTgTgTgTaXaXaXaXaXaXaXaXaXaXaXaXaXaXaXaXaXaXaXaN
49, rIrIrIaUaUaUaUaUaUaUaEaEaEaEaEaEaEaEaEaEaEaEaEaEaEaEaEaEaEaEaEqZqZqZqZqZqZqZqZqZaKaKaKaKaKaKaKaKaKzZzZzZzZzZzZzZzZzZzZzZzZzZzZzKzKzKzKzKzKzKzKzKzKzKzKzKzKzKzKzKzKzKzKzKzKzKzKzKzKzKzKzKzKzKzKzKzKzKaK
50, aAaAhZhZhZhZhZhZhZhZhZrXrXrXrXrXrXrXzZzZzZzZzAdAdAdAdAdAdAdAdAdAdAdAgAgAgAgAgAgAgAgAaZ
51, eAeAeAeAeAeAeAeAzAzAzAzAzAzAzAzAzAzAzAzAaAaZaZaZaZaZaZaZaZaZbRbRbRbRbRbRbRbRbRbRbRbRbRbRbRbRmAzZzZzZzZzZzZzZzZzZzZzZzZzZaZaZaZaZaZaZaZaZaZaZaZaZaZaZaAaAaAaAaAaAaAaAaAaAaAaAaAaAaAaAaAaAaAaAaAaAaAaAgF
52, bTaNaNaNaNaNaNaNaNaNaNaNaNaNaNaNaNaNaNaNaNaNzAzAzAzAzAzAzAzAzAzAzAzAzAzAzAzAzAzAzAzAzAzAzAiZiZiZiZiZiZiZiZiZiZiZiZiZzZaZaZaZaZaZaZaZaZaZaZaZaZaZaZaZaZaZaZzA
53, mAaJaJaJzYzYzYzYzYzYzYzYzYzYzYxDxDxDxDxDxDxDxDxDxDxDxDxDxDxDxDxDxDxDxDxDxDxDxDdZdZdZdZdZdZdZdZdZdZdZdZdZdZdZdZzAzAzAzAzAzAzAzAzAzAzAzAzAzAzAzAzAzAzAzAzAzAzAzAzAzAzAzAzAzAzAzAzAzAzAzAzAzAzAzAzAzAzAzAzAzAzAzAzAzAzAzAzAzAzAaAzZzZzA
54, rZrZrZrZrZrZrZrZrZrZrZrZrZrZrZrZmZmZmZmZmZmZmZmZmZmZjJjJjJjJjJjJjJjJjJjJjJjJjJjJzEzEzEzEzEzEzEzWyAyAyAyAyAyAyAyAyAtZtZtZtZtZtZtZtZzFzFlIlIlIlIlIlIdZdZdZdZdZdZnE
55, zZzZzZzZzZzZzZzZzZzZzZzZzZaRaRaRaRaRaRaRaRaRaRcAaAzMzMzMzMzMzMzMzMzMzMeZeZeZeZeZeZeZeZeZeZeZzIzIzOzCzPzPzPzPzPzPzPzPzPzPzPzPzPzPzPzPzPaAaAaAaAaAaAaAaAaAaAaAaAaAaAaAaAaAoD
56, zAaEdZdZdZdZdZdZoZwAaZaZzAzAzAzAzAzAzAzApZfAzA
57, qTxOaZaZaZaZaZaZaZaZaAaAaAaAaAaAyAyAyAyAyAkOkOzZzZzZzZzZzZzZzZzZzZzZzZzZzZzZzZtZtZtZtZtZtZtZzAzAzAzAzAzAzAbDbDbDbDbDbDbDbDbDbDbDbDbDbDbDbDbDaZ
58, zKzKzKzKzKzKzKzKzKzKzKzKtAlMlMlMlMlMlMlMlMrXrXrXrXrXzZaYaYaYaYaYaYaYaYaYaYaYaYvFvFvFvFvFvFvFvFvFvFvFvFvFvFvFvFvFvFvFvFvFvFvFvFvFvFvFvFuZuZuZuZuZuZuZuZuZuZuZuZuZpZpZpZpZpZoAoAoAoAoAoAoAoAoAoAoAoAoAoAaZ
59, aZaDaDaDaDaDaDaDaDaDaDaDaDaZaZaZaZaZaZaZaZaZaZaZaZaZaZjJjJjJjJjJjJjJjJjJjJjJjJjJjJjJjJjJjJjJzAzO
60, zZzZzZzZzZaVaDaDaDaDaDaDaDaDaDzAzAzAzAzAzAzAzAzAzJsAlAaAaAaAaAaAaAaAaAaAaAaAaAaAaAaAaAaWaWaWaWaWaWaWaNaNaNaNaNaNaNaNaNaNaNaNaNaNaNaNaNaNaNaNaNaNaNaNnBqZqZqZqZqZqZqZqZqZqZqZqZqZqZoMoMoMoMoMoMoMoMoMoMoMoMzF
61, aZaZaZaZaZaZaZaZaMsRsRsRsRsRsRsRsRsRsRsRsRsRsRsRsRsRsRaJaJaJaJaJaJaJaJaJaJaJaJaJaJaJaJaJsAsAsAsAsAsAsAaAnGnGnGnGnGnGnGnGnGnGnGnGzXaKaKaKaKaKaKaKaKaKzZ
62, aZaZaZaZdZaZaAfEfEmLmLmLmLmLmLmLmLmLmLmLmLmLmLmLmLmLmLmLmLmLmZmZmZmZmZmZmZmZmZdDdDdMaZaZaZaZaZaZaZaZaZpZpZpZpZoAaZaZaZaZaZaZaZaZaZaZaZaZaZzS
63, zZzZzZzZzZzZzZaTaTaTaTaTzZzZzZzZzZzZzZzZaXkAuAuAuAuAbAbAbAbAbAbAbAbAaCaCaCtFtFtFtFtFtFtFtFtFaAaAaAaAaAaAaAaAaAaAaAaAaAaAaAaAaAaAkZkZkZkZkZkZkZkZkZkZkZgR
64, aKaKaKaKaKaKaKaKaKaKaKaKaKaKaKaKaKaKaKaKaKaBaBaBaBaBaBaBaBaBaBaBaBaZaZaZaZaZaZzZzZzAcAcAcAcAcAcAcAcAcAcAcAoZaAaAaAaAaAaAaAaAaAoZoZoZoZoZoZoZoZoZoZoZoZoZoZoZoZoZoZoZbDbDbDbDbDbDbDbDlA
65, aLzZkJaAaAaAaAaAaAaAaAaAmAmAmAmAmAmAmAmAmAmAmAmAmAmAmAmAmAmAmAmAmAvGqCqCqCqCqCzAzAzAzAzAzAzAzAzAzAzAzAzAzAzAzAzAzAzAzAzAzAzPzPzPzPzPzPzPzPpC
66, gBaXzAzZzZzZzZzZzZzZzZzZzZzZzZzZbAmKmKmKmKmKmKmKmKmKmKmKmKgAjZjZjZjZjZjZjZjZjZjZjZjZjZjZjZjZjZjZzZ
67, zZxVaAxUxUxUxUxUzJzJzJzJzJaSaSaSaSaSaSaSaSyZyZyZyZyZyZyZyZyZyZyZyZyZyZyZyZyZtCaAaAaAaAaAaAaAaAaAaAaAaAaAaAeZeZeZeZeZaZaZaZaZaZaZaZaZaZaZaZaZaZzW
68, zUjZvAvAvAvAvAaLzGzGzGzGzGaHaHaHaHaHaHaHaHaHaHaHaHaHaHaHaHaHaHaHaHaHaHaHaHaHaHaHaHaHaHaHaHaHaHaHzRzRzRzRzRzRzRzRzRzRzRzRaZzAzZaZ
69, uMuMuMuMuMuMuMuMuMuMsGsGsGsGsGsGsGsGsGsGzZiIaFfAfAfAfAfAfAfAfAfAfAfAfAfAfAfAfAfAfAfAfAfAfAfAfAhEhEhEyAyAyAyAyAyAyAyAyAyAyAzE
70, zZzZkAqAqAqAqAqAqAqAqAqAqAqAqAaZfOzCaAxSxSxSxSxSmL
71, aAfQfQfQfQgZgZgZyAzAaAzAzAzAzAzAzAzAzAzAzAzAzAcZaIaZaZaZaZaZaZaZaZaZaZaZaZaZaZaZaZaZaZaZaZaZaZaZaZaZaZaZaZaZaZaZaZaZaZaZaZaZaZaZaZaZaZaZaZaZrL
72, aVaVaVaVaVaVaVaVaVaVaVaVaVaVaVcZcZcZcZcZcZcZcZcZaZaZgLpNpNpNpNpNpNpNpNpNpNpNpNpNpNpNpNaAaAaAaAaAaAaAaAaAaAaAaAxBxBxBxBxBxBxBxBxBxBxBxBxBxBxBxBxBxBiTaZaZaZaZaZaZaZaZaZaZaZaZrA
73, zZzZzZzZzZeAiZzZzZzZzZzZzZzZzZzZzZzZaFaFaFaFaFaFaFaFaFaFaFaFcAcAcAcAcAcAcAcAcAcAmTmTmTmTmTmTmTmTmTmTmTmTmTmTxZxZxZxZxZxZxZxZxZxZzAzAzZzZzZzZzZzZzZzZzZzZzZzZzZzZzZzZzZzZzZzZzZaZaZgZgZgZgZgZgZgZgZgZjAzG
74, tZpZpZaAaAaAaAaAaAaAiAzMzKzKzKzKzKzKmZmZmZmZmZmZmZmZmZmZmZmZmZmZmZmZmZmZpApApApApApApApApApApApApApApApApApApApApApApApApApApApApApApApApAxA
75, mJuAyCyCyCyCyCyCyCyCpIpIpIpIpIpIpIpIpIpIpIpIpIpIpIpIpIpIpIzAzAzAzAzAzAzAzAzAzAzAzAzAzAzAzAzAzAaZaZaZaZaZaZaZaZaZaZaZaZaZaZaZaZaZaZaZaZaZaZaZaZzUzUzUzUzUzUzUzUzUzUzUzUzUzUzUzUzUzUzUzUzUzZ
76, aAaAaAaAaAaAaAaAaAaAaAkLkLkLkLkLkLkLxAbVbVbVbVbVbVbVbVbVbVaAaAaAvZlZlZlZlZlZlZlZlZlZlZlZlZlZlZlZlZlZlZlZlZlZlZlZlZlZcZwAwAwAwAwAwAwAwAoZ
77, wHwHwHwHwHwHwHwHwHwHaAaZaZaZaZaZnAnAnAnAnAnAnAnAnAnAnAnAnAnAnAnAcSaZaZaZaZaZaZaZaZpAzZzZzZzZzZzZzZbZbZbZbZzZzZzZzZzZzZzZzZzZzZzZzZzZzZzZzZzZzZzZzZzZkZkZkZkZkZkZkZkZkZkZkZkZkZkZkZkZkZkZkZkZkZkZkZkZkZkZkZkZkZkZkZkZkZkZaA
78, aZaAaAaAaAaAaAaAaAaAaAaAuBzZzZaZaAaAaAaAaAaAaAaAaAaAaAaAaAaAaAzZzZzZzZzZzZzZzZzZzZyAyAyAyAyAyAyAyAyAyAyAzZzZzZzZzZzZzZzZzZzZzZzZzZzZzZzZzZzZzZzZzZzZzZ
79, rDaZaLaLzGzGaAnZzZzZzZzZzZzZzZzZzZbTbTbTmZmZmZmZmZmZmZmZmZmZmZmZmZmZmZmZmZbVbVbVbVbVzZzZzZzZzZzZzZzZmA
80, vAvAvAuPuPuPaFaFaFaFaFaFaFaFgAgAgAgAgAgAgAgAgAgAgAgAgAgAgAgAgAgAgAgAgAgAgAgAgAgAgAgAgAgAgAgAgAgAgAgAgAgAaAkAkAkAkAaLaLaLaLaLaLaLaLaLaLpApAaEaEaEaEaEaEaEaEaEaEzAzAzAzAzAzAzAzAzAzAzAzAzAzAzAzAzAzAzAzAzAzAzAzAzAmZ
81, nAnAnAnAnAnAnAnAnAnAnAnAnAnAnAaJqGqGbAbAbAbAbAbAbAbAbAbAbAbAdZdZdZdZdZdZdZdZdZdZdZdZdZdZdZdZdZdZnOnOnOnOnOaZjHaZaZaZaZaZaZaZaZzZ
82, tLaAaXaXaXaXaXaXaXaAaAaAaAiAiAiAiAiAiAyCyCyCyCyCyCzC
83, lGlGlGaIaIaIaIaIaIaIaIaIaIaIaIaPaAaAaAaAaAwZzLzLzLzLzLzLzLzLzLzAzAzAzAzAzAzAzAzAzAzAzAzAzAzAzAzAzAzAzAzAzAzAzAzAzAzAzAzAzAzAzAuZuZuZuZuZuZuZzZaZ
84, zAzAzAzAzAzAzAzAzAzAzAzTmAyAyAyAyAyAyAyAyAyAyAyAyAyArZrZrZrZrZrZrZrZrZrZaAzAzAhAhAhAhAhAhAhAhAhAhAhAhAhAhAtFtFtFtFtFtFtFtFtFtFaZaZaZaZaZaZaZbZbZbZbZbZbZbZbZbZbZbZbZbZbZbZbZbZbZzZzZzZzZzZzZzZzZzZzZzZzZzZzZzZzZzZzZzZzZzZzZzZzZzZzZzZzZ
85, vUzNzNzNnEvZvZvZvZvZvZvZzAzAzAzAzAzAzAzAzAzAzAzAaZgAgAgAgAgAgAgAgAgAgAgAgAgAgAgAgAgAgAgAgAgAgAgAgAgAjZyAuA
86, zYzYzYzYzYzYzYzYzYzYzYzYzYzYzYzYzYvLvLvLvLvLvLvLvLvLvLvLvLvLvLvLvLvLvLaJrZrZrZrZrZrZrZrZrZsUsUsUsUsUsUsUsUsUsUsUsUsUsUsUsUsUzNzNzNzNzNzNzNzNzNzNzNzNzNzNzNaPtAaQaAaAaAaAaAaAaAaAaAaAaAaAaAaAaAaAaAaAyQ
87, nZaAaAnAnAnAnAnAnAnAnAaZaZaZaZaZaZaZaZaZaZaZaZaZaZaZaZaZaAqZsAsAsAsAsAsAsAsAsAsAsAuZuZuZkZkZkZkZkZkZkZkZkZkZkZkZzA
88, zZnTzAzAzAzAzAzAzAzAzAzAzAzAzAzAzAzAzAzAzAzAzAaXlAlAlAlAlJzAaAaAaAaAaAaAaAaAaAaAaAaAaAaAaAaAaZ
89, aZaTaTaTaTaTaTjZaJaJaJaJaJaJaJaJaJaJzZfZfZfZfZfZfZfZfZfZfZfZfZfZfZfZfZfZfZuZzDzDzDkSzZ
90, wAwAwAwAwAwAwAwAwAwAwAwAwAwAxAtDtDtDtDtDtDtDtDzAzAzAzAzAzAzAzAzAzAzAzAzAaEaEaEaEaEaEaEaEaEaEaEaEaEaEaEaEaEaEaEaEaEaEaEaEaEaEaEaEzAzAzAzAzAaZzAzAzAyA
91, bZbZbZaYaYaYtZeZeZeZeZeZtXtXtXtXaJaJaJaJaJaJaJaJaJaJaJaJaJaJaJcZcZcZcZcZcZcZcZcZcZcZcZcZcZcZcZcZzZ
92, zZaAaAaAaAaAaAaAaAaAaAaAaAaAaAaAaAaAaAaAaAaAaAaAaAaAaAaAaAaUzZzZzZzZzZzZzZzZzZzZzZzZzZuZuZuZuZuZuZuZuZuZuZaTaTaTaTaTaTaTaTaTaTaTaTaTaIaIaIaIaIaIrZrZrZrZrZrZrZzZhZhZhZhZhZhZhZcZjZjZjZjZjZjZjZjZjZjZjZjZjZjZjZjZjZjZjZjZjZzZ
93, zAzUzUzUzUzUzUzUzUzUzUzUzUzUzUkRkRkRkRkRkRkRkRkRdRdRdRdRdRdRdRdRdRdRdRdRdRdRdRdRzZaZaZaZaZaZaZaZaZaZaZaZaZaZaZaZaZaZxAxAxAxAxAzZzZzZzZzZzZzZzZzZzZzZzZzZzZzZzZzZzZzZzZzZzZzZzZzZzZzZzZzZzZzZzZzZzZzZzZzZzZzZzZzZzZzZaE
94, jYjYaAaAaAaAaAaAaAaAaAaAaAaAaAaAaAaAaAaAaAaAaAaAaAaAaAaAaAaAaRmZmZmZmZmZmZmZmZmZmZmZmZmZmZmZmZmZmZmZmZmZmZmZmZmZmZmZmZmZmZmZmZmZsAaZaZaZfZfZfZfZfZfZfZfZfZfZoRoRoRoAoAoAoAoAoAoAdZdZdZdZdZhDhDhDhDhDhDhDhDhDaZaZaZaZaZaZaZaZaZaZaZaZaZaZaZaZzAzAzAzAzAzAzAzAzAaK
95, kAkAkAkAkAkAkAkAkAkAkAaHkAkAkAkAkAgZgZgZgZgZgZgZgZgZgZgZgZaZaAaAaAaAaAaAaAaAaAaAaAaAaAaAuAuAuAuAuAuAuAuAuAuAzP
96, mAaFaFaFaFaFaFaFaFaFaFaFaFaFaFaFsNrArArArArArAaAaAaAaAaAaAaAaAaAaAaAaAaAaAaAaAaAaAaAaAaAsQsQsQsQsQsQsQsQsQzHrArAzZoIoIoIoIoIoIoIoIoIwZ
97, nZnZnZtAaAaAaAaAaAwNnZaSzZzZzZzZzZzZzZzZzZzZzZzZzZzZzZzZzZzZzZzZzZzZzZzZzZaLaLaLaLaLaLaLaLaLaLaLzZzZzZuS
98, zZyAzGeZeZeZeZzAzAzAzAzAzAzAvAvAvAvApLqAqZqZqZqZqZqZqZqZqZqZqZqZqZqZqZqZqZqZqZqZqZqZqZqZqZqZqZqZqZkZkZkZkZkZkZkZkZkZkZkZzAzAzAzAzAzAzAzAzAzAzAzAzAzAzH
99, zQzQzQzQzQzQzQzQqMdAdAdAdAdAdAdAdAdAdAdAdAdAdAiAiAjBtAtAtAtAtAtAtAtAtAtAeZeZeZoAoAoAoAoAoAoAoAoAoAoArZrZrZyZ
