Method, Sigma, Score, CL0, CL1
scm, 0, 1.0, 50, 50
scm, 10, 1.0, 50, 50
scm, 100, 0.98, 52, 48
scm, 1000, 0.51, 53, 47
scm, 1010, 0.69, 51, 49
scm, 1020, 0.61, 37, 63
scm, 1030, 0.64, 64, 36
scm, 1040, 0.6, 50, 50
scm, 1050, 0.62, 50, 50
scm, 1060, 0.62, 36, 64
scm, 1070, 0.61, 73, 27
scm, 1080, 0.65, 67, 33
scm, 1090, 0.66, 46, 54
scm, 110, 0.99, 51, 49
scm, 1100, 0.64, 40, 60
scm, 1110, 0.54, 66, 34
scm, 1120, 0.62, 64, 36
scm, 1130, 0.54, 72, 28
scm, 1140, 0.66, 44, 56
scm, 1150, 0.58, 66, 34
scm, 1160, 0.57, 69, 31
scm, 1170, 0.63, 45, 55
scm, 1180, 0.54, 66, 34
scm, 1190, 0.62, 60, 40
scm, 120, 0.99, 49, 51
scm, 1200, 0.62, 50, 50
scm, 1210, 0.58, 58, 42
scm, 1220, 0.59, 65, 35
scm, 1230, 0.58, 66, 34
scm, 1240, 0.62, 34, 66
scm, 1250, 0.57, 37, 63
scm, 1260, 0.53, 33, 67
scm, 1270, 0.57, 71, 29
scm, 1280, 0.53, 35, 65
scm, 1290, 0.55, 75, 25
scm, 130, 0.98, 52, 48
scm, 1300, 0.57, 67, 33
scm, 1310, 0.55, 71, 29
scm, 1320, 0.64, 56, 44
scm, 1330, 0.6, 42, 58
scm, 1340, 0.56, 56, 44
scm, 1350, 0.64, 60, 40
scm, 1360, 0.57, 61, 39
scm, 1370, 0.63, 45, 55
scm, 1380, 0.58, 62, 38
scm, 1390, 0.62, 44, 56
scm, 140, 1.0, 50, 50
scm, 1400, 0.59, 39, 61
scm, 1410, 0.62, 52, 48
scm, 1420, 0.54, 62, 38
scm, 1430, 0.51, 69, 31
scm, 1440, 0.58, 58, 42
scm, 1450, 0.61, 41, 59
scm, 1460, 0.61, 35, 65
scm, 1470, 0.5, 72, 28
scm, 1480, 0.61, 35, 65
scm, 1490, 0.57, 73, 27
scm, 150, 0.98, 48, 52
scm, 1500, 0.58, 40, 60
scm, 1510, 0.63, 37, 63
scm, 1520, 0.66, 72, 28
scm, 1530, 0.56, 34, 66
scm, 1540, 0.62, 44, 56
scm, 1550, 0.55, 59, 41
scm, 1560, 0.55, 73, 27
scm, 1570, 0.53, 27, 73
scm, 1580, 0.52, 26, 74
scm, 1590, 0.5, 68, 32
scm, 160, 0.97, 53, 47
scm, 1600, 0.55, 57, 43
scm, 1610, 0.56, 34, 66
scm, 1620, 0.59, 35, 65
scm, 1630, 0.59, 61, 39
scm, 1640, 0.52, 42, 58
scm, 1650, 0.53, 61, 39
scm, 1660, 0.5, 24, 76
scm, 1670, 0.55, 71, 29
scm, 1680, 0.65, 63, 37
scm, 1690, 0.61, 67, 33
scm, 170, 0.99, 51, 49
scm, 1700, 0.55, 71, 29
scm, 1710, 0.52, 36, 64
scm, 1720, 0.63, 77, 23
scm, 1730, 0.52, 44, 56
scm, 1740, 0.57, 75, 25
scm, 1750, 0.52, 42, 58
scm, 1760, 0.55, 67, 33
scm, 1770, 0.55, 61, 39
scm, 1780, 0.65, 41, 59
scm, 1790, 0.6, 38, 62
scm, 180, 0.94, 48, 52
scm, 1800, 0.51, 63, 37
scm, 1810, 0.56, 58, 42
scm, 1820, 0.56, 24, 76
scm, 1830, 0.58, 40, 60
scm, 1840, 0.58, 62, 38
scm, 1850, 0.64, 64, 36
scm, 1860, 0.61, 39, 61
scm, 1870, 0.53, 39, 61
scm, 1880, 0.51, 37, 63
scm, 1890, 0.52, 62, 38
scm, 190, 0.97, 51, 49
scm, 1900, 0.51, 39, 61
scm, 1910, 0.57, 59, 41
scm, 1920, 0.56, 38, 62
scm, 1930, 0.51, 29, 71
scm, 1940, 0.59, 67, 33
scm, 1950, 0.62, 74, 26
scm, 1960, 0.55, 63, 37
scm, 1970, 0.59, 71, 29
scm, 1980, 0.63, 69, 31
scm, 1990, 0.52, 48, 52
scm, 20, 1.0, 50, 50
scm, 200, 0.95, 49, 51
scm, 210, 0.93, 49, 51
scm, 220, 0.95, 51, 49
scm, 230, 0.98, 50, 50
scm, 240, 0.96, 46, 54
scm, 250, 0.93, 49, 51
scm, 260, 0.9, 50, 50
scm, 270, 0.91, 51, 49
scm, 280, 0.92, 54, 46
scm, 290, 0.97, 53, 47
scm, 30, 1.0, 50, 50
scm, 300, 0.91, 43, 57
scm, 310, 0.89, 39, 61
scm, 320, 0.92, 54, 46
scm, 330, 0.85, 49, 51
scm, 340, 0.9, 52, 48
scm, 350, 0.8, 42, 58
scm, 360, 0.81, 59, 41
scm, 370, 0.83, 53, 47
scm, 380, 0.87, 55, 45
scm, 390, 0.77, 51, 49
scm, 40, 1.0, 50, 50
scm, 400, 0.72, 72, 28
scm, 410, 0.74, 46, 54
scm, 420, 0.84, 40, 60
scm, 430, 0.84, 40, 60
scm, 440, 0.79, 57, 43
scm, 450, 0.85, 39, 61
scm, 460, 0.86, 46, 54
scm, 470, 0.84, 48, 52
scm, 480, 0.82, 54, 46
scm, 490, 0.79, 55, 45
scm, 50, 1.0, 50, 50
scm, 500, 0.75, 41, 59
scm, 510, 0.82, 56, 44
scm, 520, 0.73, 57, 43
scm, 530, 0.74, 46, 54
scm, 540, 0.68, 52, 48
scm, 550, 0.81, 63, 37
scm, 560, 0.76, 40, 60
scm, 570, 0.75, 43, 57
scm, 580, 0.68, 44, 56
scm, 590, 0.62, 34, 66
scm, 60, 1.0, 50, 50
scm, 600, 0.68, 26, 74
scm, 610, 0.65, 55, 45
scm, 620, 0.6, 52, 48
scm, 630, 0.75, 53, 47
scm, 640, 0.76, 46, 54
scm, 650, 0.76, 44, 56
scm, 660, 0.67, 63, 37
scm, 670, 0.72, 48, 52
scm, 680, 0.64, 38, 62
scm, 690, 0.56, 36, 64
scm, 70, 1.0, 50, 50
scm, 700, 0.64, 72, 28
scm, 710, 0.6, 66, 34
scm, 720, 0.71, 69, 31
scm, 730, 0.64, 42, 58
scm, 740, 0.77, 43, 57
scm, 750, 0.6, 72, 28
scm, 760, 0.67, 41, 59
scm, 770, 0.68, 66, 34
scm, 780, 0.57, 61, 39
scm, 790, 0.67, 57, 43
scm, 80, 1.0, 50, 50
scm, 800, 0.67, 29, 71
scm, 810, 0.64, 26, 74
scm, 820, 0.55, 55, 45
scm, 830, 0.63, 35, 65
scm, 840, 0.69, 47, 53
scm, 850, 0.59, 57, 43
scm, 860, 0.67, 65, 35
scm, 870, 0.6, 60, 40
scm, 880, 0.67, 41, 59
scm, 890, 0.68, 68, 32
scm, 90, 0.98, 48, 52
scm, 900, 0.55, 25, 75
scm, 910, 0.62, 46, 54
scm, 920, 0.57, 61, 39
scm, 930, 0.6, 48, 52
scm, 940, 0.69, 35, 65
scm, 950, 0.59, 69, 31
scm, 960, 0.62, 38, 62
scm, 970, 0.63, 27, 73
scm, 980, 0.71, 39, 61
scm, 990, 0.55, 49, 51
