0, aUaUfQfQfQfQtVyRyRyRyRyRyRaUaUaUaUaUaUaUaUhYhYhYhYhYhYpIpIpIpIpIpIpIpIpIpIpIpIpIpIpIpIeOeOeOeOeOeOeOeOeOeOeOeOeOeOeOeOeOeOeOeOeOeOeOeOlS
1, iSiSiScUcUqYqYqYqYqYnSnSnSnSnSgWgWgWgWgWgWgWeOeOeOeOeOeOeOeOjGjGjGjGjGjGjGjGxGxGxGxGxGxGxGxGxGoOoOoOoOoOoOoOoOoOoOoOoOoOoOoOoOoOdMdMdMdMdMdMdMdMdMdMdMdMdMdMdMdMdMdMdMdMdMdMdMdMeN
2, gRaOaOaOaOaSaSaSaSuQuQuQuQmRmRmRmRmReSeSeSeSeSeSlOlOlOlOlOjKjKjKjKjKjKvIvIvIvIvIvIvIvIqRqRqRqRqRqRqRqRqRqRqRqRqRqRqRqRqReSeSeSeSeSeSeSeSeSeSeSeSeSeSeSeSeSeSeSeSeSeSeSeSiP
3, fTfTbPbPbPyUzTzTzTqSaYaYaYaYgOgOgOgOmImImImImImImItJtJtJtJtJtJtJtJtJtJqNqNqNqNqNqNqNqNqNqNqNqNqNqNqNqNjPjPjPjPjPjPjPjPjPjPjPjPjPjPjPjPjPjPjPjPjPjPjPjPjPhP
4, gRaQaQaQySySySySoZoZoZoZoZoZoZaYaYaYaYaYaYaYhPhPhPhPhPmMmMmMmMmMmMmMmMzKzKzKzKzKzKzKzKzKzKmRmRmRmRmRmRmRmRmRmRmRmRmRmRmRmRdFdFdFdFdFdFdFdFdFdFdFdFdFdFdFdFdFdFdFdFdFdFdFdFdFdFgI
5, jNcKcKcKcKtVtVkPkPaQaQaQaQaQaQaQaQaQjMjMjMjMjMjMkSkSkSkSkSkStDtDtDtDtDtDsOsOsOsOsOsOsOsOsOsOsOsOsOsOsOsOsOsOeLeLeLeLeLeLeLeLeLeLeLeLeLeLeLeLeLeLeLeLeLeLeLeLeLjTjTjTjTjTjTjTjTjTjTjTjTjTjTjTjTjTjTjTjTjTjTjTjTjTlS
6, jQjQdDdDdDdDqZqZqZqZmUmUmUmUaVaVaVaVaVaVaViZiZiZiZiZiZiZlIlIlIlIlIlIlIlIlIwAwAwAwAwAwAwApKpKpKpKpKpKpKpKpKpKpKpKpKpKpKpKdNdNdNdNdNdNdNdNdNdNdNdNdNdNdNdNdNdNdNdNdNdNdNdNdNdNfP
7, dNdNhWhWhWvXvXvXvXvXpPpPpPpPpPpPcWcWcWcWdVdVdVdVdVqOqOqOqOqOqOqOqOqCqCqCqCqCqCqCqCqCqCmKmKmKmKmKmKmKmKmKmKmKmKmKmKmKmKmKmKdNdNdNdNdNdNdNdNdNdNdNdNdNdNdNdNdNdNdNdNdNdNdNdM
8, aOaOaOdMdMdMsVsVsVsVsVuQuQuQuQuQdRdRdRdRdRdRaOaOaOaOaOaOaOaOkFkFkFkFkFkFkFrOrOrOrOrOrOrOrOrOrOrOqJqJqJqJqJqJqJqJqJqJqJqJqJqJqJqJqJjMjMjMjMjMjMjMjMjMjMjMjMjMjMjMjMjMjMjMjMjMjMjMjMjMdOdOdOdOdOdOdOdOdOdOdOdOdOdOdOdOdOdOdOdOdOdOdOeX
9, hLdSdSdSdStStStStSePePePePePePePjMjMjMjMjMoFoFoFoFoFoFoFoFwIwIwIwIwIwIwIwSwSwSwSwSwSwSwSwSwSwSwSwSwSwSwSwSwSgSgSgSgSgSgSgSgSgSgSgSgSgSgSgSgSgSgSgSgSgSgSgSgSgSeS
10, dVdVhRyUyUyUyUyUyUgRgRgRbNbNbNbNbNbNnYnYnYnYnYnYpUpUpUmHmHmHmHmHmHmHmHmHmHxJxJxJxJxJxJxJxJxJxJxJtRtRtRtRtRtRtRtRtRtRtRtRtRtRtRtRtReQeQeQeQeQeQeQeQeQeQeQeQeQeQeQeQeQeQeQeQeQeQeQjN
11, cSePePoXoXoXoXsVsVsVsVsVsVpTpTpTpTpTcVcVcVcVcVcVcVeOeOeOeOeOnPnPnPnPnPnPnPnPnPpOpOpOpOpOpOpOpOpOpOqYqYqYqYqYqYqYqYqYqYqYqYqYqYqYqYqYqYgMgMgMgMgMgMgMgMgMgMgMgMgMgMgMgMgMgMgMgMgMgMgMgMgMgMgS
12, fTfNgMgMgMgMgMyXyXyXoVoVoVoVdNdNdNdNdNdNdNjVjVjVjViKiKiKiKiKiKtQtQtQtQtQtQtQtQqRqRqRqRqRqRqRqRqRqRqRqRqRqRqRqRdKdKdKdKdKdKdKdKdKdKdKdKdKdKdKdKdKdKdKdKdKdKdKdKiQ
13, hWhWhWdPtMtMtMtMnVnVnVnVnVnVaNaNaNaNeVeVeVeVeVeVeVjUjUjUxPxPxPxPxPxPoNoNoNoNoNoNoNoNoNoNoNoNoNoNoNoNoNiTiTiTiTiTiTiTiTiTiTiTiTiTiTiTiTiTiTiTiTiTiTiTiTiTaM
14, eQeQeQiTiTiTvZvZvZvZpVpVpVpVpVdVdVdVdVdVdVkOkOkOkOkOlNlNlNlNlNlNqIqIqIqIqIqIqIqIoQoQoQoQoQoQoQoQoQoQoQoQoQoQoQoQoQoQoQoQoQeGeGeGeGeGeGeGeGeGeGeGeGeGeGeGeGeGeGeGeGeGeGeGeGeGeGeGeGjR
15, fNfNfNbObObObOxSxSxSrSrSrSrSrSrSaZaZaZaZaZlVlVlVlVlFlFlFlFzGzGzGzGzGzGzGzGzGzGsOsOsOsOsOsOsOsOsOsOsOsOsOfRfRfRfRfRfRfRfRfRfRfRfRfRfRfRfRfRfRfRfRfRfRfRfRfRfRfRfT
16, fQfQeGeGeGxZxZxZxZpUpUbYbYfSfSfSfSfSfSfSjHjHjHjHjHjHyGyGyGyGyGyGyGqUqUqUqUqUqUqUqUqUqUqUqUqUqUqUqUqUqUqUaQaQaQaQaQaQaQaQaQaQaQaQaQaQaQaQaQaQaQaQaQaQaQaQaQaQaQaQeQ
17, hOhOhOhOhOgQgQgQgQwXwXwXwXwXoPoPnMnMnMnMaOaOaOaOaOaOaOgSgSgSgSgSsIsIsIsIsIsIsIsIsIsIzMzMzMzMzMzMzMzMoToToToToToToToToToToToToToToToToTgJgJgJgJgJgJgJgJgJgJgJgJgJgJgJgJgJgJgJgJgJgJgJgJlMlMlMlMlMlMlMlMlMlMlMlMlMlMlMlMlMlMlMlMlMlMlMoQ
18, hKhKgNgNgNgNqZqZqZqZnQnQgSgSfRfRfRfRfRfRpOpOpOpOpOpOpOzRzRzRzRzRzRzRzRzRzRzRtQtQtQtQtQtQtQtQtQtQtQtQtQtQtQtQtQtQeNeNeNeNeNeNeNeNeNeNeNeNeNeNeNeNeNeNeNeNeNeNeNeNeNeNeNeNeO
19, fRaJaJaJaJaJtXqRqRqRqRaUaUaUaUaUaUdPdPdPdPdPpHpHpHpHpHpHpHpHpHuHuHuHuHuHuHuHuHuHuHvPvPvPvPvPvPvPvPvPvPvPvPvPvPvPvPdNdNdNdNdNdNdNdNdNdNdNdNdNdNdNdNdNdNdNdNdNdNdNlI
20, eQeQaIaIaIaIsWsWwYwYwYwYhMhMhMhMhMhMhMhMjTjTjTsIsIsIsIsIsIsIuGuGuGuGuGuGuGuGuGuNuNuNuNuNuNuNuNuNuNuNuNuNuNuNuNuNeKeKeKeKeKeKeKeKeKeKeKeKeKeKeKeKeKeKeKeKeKeKeKeKeKeKdZ
21, hLeQzQzQzQzQzQrQrQrQrQaZaZaZaZhVhVhVhVjJjJjJjJjJrIrIrIrIrIrIrIrIrItTtTtTtTtTtTtTtTtTtTtTtTtTtTtTtTtTtTkTkTkTkTkTkTkTkTkTkTkTkTkTkTkTkTkTkTkTkTkTkTkTkTkThO
22, aQaQaQeHeHeHeHeHeHzWzWzWnQnQbSbSbSbSiUiUiUiUiUiUiUiUoGoGoGoGoGoGoGnCnCnCnCnCnCnCnCmMmMmMmMmMmMmMmMmMmMmMmMmMmMmMmMmMmMmMfMfMfMfMfMfMfMfMfMfMfMfMfMfMfMfMfMfMfMfMfMfMfMfMfMfMfMcY
23, dSdSfOfOfOfOwZwZwZwZuSuSuSuSuSbPfOfOfOfOfOfOfOfOjLjLjLjLjLjLjLsDsDsDsDsDsDsDsDsDvRvRvRvRvRvRvRvRvRvRvRvRvRvRvRiJiJiJiJiJiJiJiJiJiJiJiJiJiJiJiJiJiJiJiJiJiJiJiJiJiJkP
24, aOaOaOaOaOfQfQzVzVzVzVzVqRqRqRbRbRbRbRbRbUbUbUbUdLdLdLdLdLdLmRmRmRmRmRmRmRmRmRwNwNwNwNwNwNwNwNwNwNwNuNuNuNuNuNuNuNuNuNuNuNuNuNuNuNuNuNfM
25, cScScSaZaZaZwXwXwXwXqSqSqSqSiXiXiXiXoVoVoVoHoHoHoHoHoHoHoHnMnMnMnMnMnMnMnMlNlNlNlNlNlNlNlNlNlNlNlNlNlNlNlNlNlNlNlNlNlNlNlNlNhN
26, kTkTkOkOkOvHvHvHpOpOpObObObObObOdSdSdSdSdSdSdSiLiLiLiLiLyJyJyJyJyJyJyJyJyJyJsLsLsLsLsLsLsLsLsLsLsLsLsLgGgGgGgGgGgGgGgGgGgGgGgGgGgGgGgGgGgGgGgGgGgGgGgGgGgGbM
27, dRdRdRcNcNyUyUyUyUpZePePePePePkIkIkIkIkIkInMnMnMnMnMnMnMnMsJsJsJsJsJsJsJsJsJoRoRoRoRoRoRoRoRoRoRoRoRoRoRoRoRoRaLaLaLaLaLaLaLaLaLaLaLaLaLaLaLaLaLaLaLaLaLaLaLaLeL
28, jJlTlTlTzXzXtVtVtVtVdXdXdXdXhVhVhVhVhVkNkNkNkNkNkNkNuAuAuAuAuAuAuAnRnRnRnRnRnRnRnRnRnRnRnRnRnRnRnRnRnRnRiPiPiPiPiPiPiPiPiPiPiPiPiPiPiPiPiPiPiPiPiPiPiPiPbP
29, oUoUoUoUoUcLcLcLyXyXyXyXoVoVoVoVoVbUbUbUbUbUaSaSaSaSaSaSgTgTgTgTgTgTgTpApApApApApApApAwGwGwGwGwGwGwGwGtUtUtUtUtUtUtUtUtUtUtUtUtUtUtUtUtUtUiQiQiQiQiQiQiQiQiQiQiQiQiQiQiQiQiQiQiQiQiQiQiQeN
30, iWhPhPhPrXrXrXrXrXpWpWpWpWeZeZeZkRkRkRlLlLlLlLlLlLuMuMuMuMuMuMuMuMuMwLwLwLwLwLwLwLwLwLwLwLwLwLwLwLwLwLwLwLwLdLdLdLdLdLdLdLdLdLdLdLdLdLdLdLdLdLdLdLdLdLdLdLeM
31, ePePdZdZdZdZdZdZdZsZsZpXpXpXpXpXaXaXaXaXaXaXsMsMrPrPrPrPrPrPrPrPrPrCrCrCrCrCrCrCrCrCrPrPrPrPrPrPrPrPrPrPrPrPrPrPrPrPhMhMhMhMhMhMhMhMhMhMhMhMhMhMhMhMhMhMhMhMhMhMhMhMhMhMeH
32, gOgOcDcDsZsZsZsZsZjVjVjVjVjVjVbWbWbWbWbWiPiPiPiPiPiPiPiPiPiPpFpFpFpFpFpFpFnFnFnFnFnFnFnFnFnFnFmZmZmZmZmZmZmZmZmZmZmZmZmZmZmZmZfFfFfFfFfFfFfFfFfFfFfFfFfFfFfFfFfFfFfFfFfFfFfFfFfFfFeR
33, bLfKfKuZuZuZuZuZpSpSaNaNaNaNnMnMnMnMnMnMnMnMnNnNnNnNnNnNnNnNqIqIqIqIqIqIqIqIqInTnTnTnTnTnTnTnTnTnTnTnTnTnTnTnTnTdIdIdIdIdIdIdIdIdIdIdIdIdIdIdIdIdIdIdIdIdIdIdIdIdIdIaL
34, pSpSpSfDfDxSxSxSxSxSkWkWkWkWcScScScScScScScSiViViViViViViViViViViVjUjUjUjUjUjUjUrKrKrKrKrKwEwEwEwEwEwEwEwEwEwEmTmTmTmTmTmTmTmTmTmTmTmTmTmTmTmTmTaJaJaJaJaJaJaJaJaJaJaJaJaJaJaJaJaJaJaJaJaJaJaJaJbR
35, kTkTkTkTaPaPaPaPaPaLaLtZtZtZtZjOjOjOjOjObVbVbVbVbVlOlOlOlOlOlOlOnOnOnOnOnOnOnOnOnOnOnOpWpWpWpWpWpWpWpWpWpWpWpWpWpWpWfTfTfTfTfTfTfTfTfTfTfTfTfTfTfTfTfTfTfTfTfTfTfTfTfTfTfX
36, gFgFbPbPbPbPuUuUuUqSqSqSqSqSbUbUbUbUgTgTgTgTgTgTgTiQiQiQiQiQiQiQpIpIpIpIpIpIpIpIoRoRoRoRoRoRoRoRoRoRoRoRoRoRoRoRcVcVcVcVcVcVcVcVcVcVcVcVcVcVcVcVcVcVcVcVcVcVhI
37, iKiKiKiKdPdPdPdPxTxTxTpNpNpNpNpNpNpNpNaSaSaSaSaSaSkPkPkPkPkPkPkPeLeLeLeLeLeLeLeLmVmVmVmVmVmVmVmVmVmVmVmVmVmVmVmVmVmVmVmVaJaJaJaJaJaJaJaJaJaJaJaJaJaJaJaJaJaJaJaJaJaJaJaJaJ
38, iLiLiLiLaSaSaSaSaSuYuYuYuYuYsOsOsOsOsOeSeSeSeSeSnJnJoGoGoGoGoGoGoGoGkKkKkKkKkKkKkKxFxFxFxFxFxFxFxFxFxFvPvPvPvPvPvPvPvPvPvPvPvPvPvPvPvPeLeLeLeLeLeLeLeLeLeLeLeLeLeLeLeLeLeLeLeLeLeLeLeLeLeLfS
39, lSlSlSlSkQkQkQxZxZxZlTlTgZgZgZjSjSjSjSkAkAkAkAkAkAkAxJxJxJxJxJxJxJxJxJpNpNpNpNpNpNpNpNpNpNpNpNpNpNpNpNpNdOdOdOdOdOdOdOdOdOdOdOdOdOdOdOdOdOdOdOdOdOdOdOdOeE
40, gTgTdRdRdRdRqTqTqTqTmWmWmWgSgSgSkHkHkHkHkHkHkHkHkHoKoKoKoKoKoKoKoKoKvHvHvHvHvHvHvHvHvHvHoPoPoPoPoPoPoPoPoPoPoPoPoPoPoPoPoPoPkNkNkNkNkNkNkNkNkNkNkNkNkNkNkNkNkNkNkNkNkNkNkNkNkNkNgN
41, gPgPgPeTeTeTvXvXvXvXvZvZvZvZvZvZvZaRaRaRaRaRaRpQpQpQpQpQpQpQnPnPnPnPnPnPnPvLvLvLvLvLvLrSrSrSrSrSrSrSrSrSrSrSrSrSrSrSrScMcMcMcMcMcMcMcMcMcMcMcMcMcMcMcMcMcMcMcMcMcMcMcMcMfR
42, eOeOjKzWzWzWzWnPnPnPnPnPnPnPnPjMjMjMjMjMpOpOpOpOpOsKsKsKsKsKsKsKsKsKsKqJqJqJqJqJqJqJqJqJqJqJqJqJqJqJqJqJqJaMaMaMaMaMaMaMaMaMaMaMaMaMaMaMaMaMaMaMaMaMaMaMaMaMaMaMiS
43, iOiOiOiOePePxUxUxUuSuSuSuSuSaZaZaZaZaZjQjQjQjQrLrLrLrLrLrLqJqJqJqJqJqJqJxIxIxIxIxIxIxIxIxIwQwQwQwQwQwQwQwQwQwQwQwQwQwQwQjSjSjSjSjSjSjSjSjSjSjSjSjSjSjSjSjSjSjSjSjSjSjSjSjSjSeM
44, jUhQvZvZvZvZvZoPoPoPoPoPdPdPdPdPiViViViViViViVjSjSjSjSjSjSwRwRwRwRwRwRwRwRpIpIpIpIpIpIpIpIpIpIpIpIpIpIpIpIpIdTdTdTdTdTdTdTdTdTdTdTdTdTdTdTdTdTdTdTdTdTdTdTdTdTdP
45, fOfOfOfOfOfOrVrVrVrVlRlRfNfNfNfNfNfNgJgJvKvKvKvKvKvKvKzIzIzIzIzIzIzIzIzIzIqQqQqQqQqQqQqQqQqQqQqQqQqQqQqQqQdMdMdMdMdMdMdMdMdMdMdMdMdMdMdMdMdMdMdMdMdMdMdMdMdMdMaQ
46, gLgLbUbUbUqYqYqYqYqYpSpSpSaWaWaWjZjZjZjZjZjZjZjIjIjIjIjIjIjIjIuFuFuFuFuFuFuFuFqKqKqKqKqKqKqKqKqKqKqKqKqKqKqKqKqKqKqKiRiRiRiRiRiRiRiRiRiRiRiRiRiRiRiRiRiRiRiRiRiRiRiRiRiRhK
47, eQhRhRhRtZtZnNnNnNnNnNaVaVaVaVaVaVlNlNlNlNlNmNmNmNmNmNmNmNvMvMvMvMvMvMvMpPpPpPpPpPpPpPpPpPpPpPpPpPpPpPpPcRcRcRcRcRcRcRcRcRcRcRcRcRcRcRcRcRcRcRcRcRcRcRcRcRfS
48, bNbNgPwXwXwXwXwXqQqQqQaVaVaVaVaVaVaVlFlFlFlFwQwQwQwQwQwQwQwQwQwQuRuRuRuRuRuRuRuRuRuRuRuRuRuRuRuRuRfPfPfPfPfPfPfPfPfPfPfPfPfPfPfPfPfPfPfPfPfPfPfPfPbV
49, dWdWfRfRfRfRsWsWsWsWsWmRmRmRmRmRmRgZgZgZgZgZeIeIeIeIeIeIeIeIfOfOfOfOfOfOgSgSgSgSgSgSzEzEzEzEzEzEzEzEzEzEsQsQsQsQsQsQsQsQsQsQsQsQsQsQsQsQsQsQsQsQsQeIeIeIeIeIeIeIeIeIeIeIeIeIeIeIeIeIeIeIeIeIeIeIcR
50, oVpTpTpTfRfRfRdPdPdPdPrUrUrUrUrUsTsTsTsTsTsTfTfTfTfToJoJoJoJoJoJrQrQrQrQrQrQrQgJgJgJgJgJgJgJgJgJgJgJmZmZmZmZmZmZmZmZmZmZmZmZzR
51, nNnNhDhDeNpXpXpXpXxQxQxQxQxQePePePePePqEqEqEqEoToToToToToToToThNhNhNhNhNhNhNhNhNhNhNpZpZpZpZpZpZpZpZpZpZwY
52, sTsTaJaJeTeTlZlZlZlZlZlZlZsHsHsHsHsHsHhJhJhJhJhJhJhJtAtAtAtAtAtAtAxZxZxZxZxZxZxZxZmFmFmFmFmFmFmFmFmFqZqZqZqZqZqZqZqZqZnXnXnXnXnXnXnXnXnXnXnXnXwU
53, oSoSgKgKgKgKgKiRiRiRmMmMuQuQuQuQuQuQcPcPcPcPcPnAnAnAnAnAyWyWyWyWyWyWyWyWjIjIjIjIjIjIjIjIjIjIpZpZpZpZpZpZpZpZpZvQ
54, mSdNdNaNaNaNaNaNnUnUnUsKsKsKsKdRdRdRdRdRdRlIlIlIlIlIlIlIsYsYsYsYsYsYsYsYgJgJgJgJgJgJgJgJuVuVuVuVuVuVuVuVuVzQ
55, sKsKsKsKgFgFcNcNcNcNcNrSrSrSrSrSrSrSwNwNwNiJiJiJiJiJiJiJqAqAqAqAqAsTsTsTsTsTjJjJjJjJjJjJjJjJjJqZqZqZqZqZqZqZqZuZ
56, aCaCaCaCaCaUaUaUmWmWpHpHpHpHkEkEkEkEkEkEmBmBmBmBmBmBmBmRmRmRmRmRmRmRmRmRnPnPnPnPnPnPnPnPnPnPnPmTmTmTmTmTmTmTxR
57, rJrJrJgGgGgGdVdVdVdVqXqXqXqXqXqXvMvMvMvMvMeJeJeJeJeJeJtGtGtGtGsXsXsXsXsXsXsXsXsXsXpJpJpJpJpJpJpJpJpJpJnWnWnWnWnWnWnWnWnWnWnWzV
58, oIoIoIoIoIlJaRaRaRaRaRqJqJqJqJqJqJrNrNrNrNrNdTdTdTdTiFiFsZsZsZsZsZsZsZsZsZiDiDiDiDiDoSoSoSoSoSoSoSoSoSzQ
59, mMmMiLiLiLiLgTgTgTzOoPoPoPaHaHaHaHaHaHaHaHvEvEvEvEvEvEwUwUwUwUwUwUwUwUwUwUfAfAfAfAfAfAfAfAfAfArYrYrYrYrYrYrYrYrYrYrYrYyR
60, rRrRrRfGgPgPgPgPrTrTrTrTrTtKtKtKtKtKhRhRhRhRrArArArArArAwXwXwXwXwXwXwXwXwXmCmCmCmCmCmCmCmCmCkZkZkZkZkZkZkZkZkZkZkZzU
61, lQfDfDfDfDdTdTdTdTdTqQqQyRyRyRyRyRyRfQfQfQfQwDwDwDwDwDwDwDrTrTrTrTjLjLjLjLjLjLjLpZpZpZpZpZpZpZpZpZwR
62, uWuWlGlGlGgNgNrPrPrPzLzLzLzLeOeOeOeOeOuHuHuHuHrXrXrXrXrXkHkHkHkHkHkHkHkHsTsTsTsTsTsTsTsTsTsTxP
63, qMqMcJcJcJcJcJdPdPdPdPdPdPpUpUpUpUpUsYsYsYsYgQgQgQgQuBuBuBuBuBwSwSwSwSwSiIiIiIiIiIiIiIiIiIiIiIpZpZpZpZpZpZpZpZpZwX
64, pFpFgIgIgIgIgIgIiUiUiUiUvUvUvUvUvUxPxPxPkLkLkLkLkLkLrCrCrCrCrCrCvMvMvMvMvMvMvMhChChChChChChChChCsZsZsZsZsZsZsZsZzU
65, pIhEeZeZeZeZsPsPsPsPsPsPmTtPtPaVaVtAtAtAtAtAtAtAtAsXsXsXsXsXsXsXsXkIkIkIkIkIkIkIkIkIpZpZpZpZpZpZpZpZpZzN
66, oIoIhGhGhGhGhGhGdSdSdSvPvPvPuMuMuMuMuMuMaDaDaDaDaDnAnAnAnAnAnAnAoKoKoKoKoKoKjFjFjFjFjFjFjFjFjFzUzUzUzUzUzUzUzUzUwR
67, kNkNkNkNfIfIfIePePePePePnWnWnWnWnWtLtLtLfFfFfFfFfFfFfFuJuJuJuJuJuJqRqRqRqRqRqRqRoIoIoIoIoIoIoIoIoIoIoIoIwS
68, jLjLjLjLiDcNcNcNcNcNvNvNvNsRsRsRsRsRsRsReHeHeHeHeHeHeHuCuCuCuCuCtTtTtTtTtTtTtTtTtTtThBhBhBhBhBhBhBhBhBqPqPqPqPqPqPqPqPzR
69, lOlOlOdGdGdGbObObObObOnSnSnStKtKtKdHdHdHdHdHpEpEpEpEpEqSqSqSqSqSqSqSqSqSlJlJlJlJlJlJlJlJtYtYtYtYtYtYtYtYtYtYtYtYzV
70, hJhJhJhJkHkHkHkHkHcFcFcFcFcFcFfCfCfCfCpQpQpQtRtRtRiXiXsCsCsCsCsCsCrRrRrRrRrRrRrRrReEeEeEeEeEeEeEeEeEeEqXqXqXqXqXqXqXqXqXqXqXtT
71, nNnNcHcHcHcHaLxJxJrNrNrNrNdJdJdJdJpEpEpEpEpEpEsNsNsNsNsNsNsNsNsNsNjOjOjOjOjOjOjOsPsPsPsPsPsPsPsPsPsPzS
72, lSlSlSlSeFeFeFeFbGbGoUsQsQsQsQfGfGfGkAkAkAkAkAkAkAtWtWtWtWtWtWgFgFgFgFgFgFgFgFgFrVrVrVrVrVrVrVrVrVrVzU
73, uLfEfEfEfEgMgMgMgMgMgMqNqNqNqNqMqMqMqMqMbNbNbNqJqJqJqJqJqJqJqJsZsZsZsZsZsZsZsZkAkAkAkAkAkAkAkAkAkAtYtYtYtYtYtYtYtYtYtYzV
74, rPrPrPrPbGiQiQiQiQzUzUzUzUzUxZxZsOsOsOaIaIaIrCrCrCrCrCrCrCrCtRtRtRtRtRtRtRtRjFjFjFjFjFjFjFjFjFjFlXlXlXlXlXlXlXlXlXlXsJ
75, tQtQfEfEfEfEfElMlMlMkUkUkUkUyMyMyMePePePePePePrFrFrFrFrFrFrFrFrFtPtPtPtPtPqMqMqMqMqMqMqMqMrNrNrNrNrNrNrNrNrNrNzQ
76, mTmTjGjGjGjGjGjGbSbSbSbSuUuUuUuUuUtJtJtJtJtJtJeCeCeCeCrArArArArArArArArArAxXxXxXxXxXxXxXxXkHkHkHkHkHkHkHkHkHkHkHkHrVrVrVrVrVrVrVrVrVrVrVrY
77, pWpWpWeHeHeNeNeNqOqOtOtOtOcHcHcHcHcHpApApApApApAtWtWtWtWtWgIgIgIgIgIgIgIgIgIgIgItUtUtUtUtUtUtUtUtUzS
78, oQcEbYbYbYbYwWwWwWwWsMsMsMsMcRcRcRqEqEqEqEqEqEqSqSqSqSqSqSqSqSfJfJfJfJfJfJfJfJfJfJfJfJfJuSuSuSuSuSuSuSuSuSuSzP
79, sUsUsUsUjJjJjJjJjJlJlJlJcUcUcUoToToToToLoLoLoLoLfJfJfJfJxAxAxAxAxAxAqMqMqMqMqMqMqMqMqMlMlMlMlMlMlMlMlMoZoZoZoZoZoZoZoZzZ
80, sSsScIcIcIcIcIeQsUvSvSvSvSvSvSvScMcMcMkLkLkLkLxVxVxVxVxVxVxVxVxVoKoKoKoKoKoKoKqQqQqQqQqQqQqQqQqQqQqQqQtZ
81, sSsSiEiEfJfJlUlUqLqLqLaKaKaKrArArArArArArArAtTtTtTtTtTtTfDfDfDfDfDfDfDfDmVmVmVmVmVmVmVmVwU
82, sLkGkGkGkGcQcQcQrSrSrSrSrSsQsQsQaMaMaMaMpApApApApApZpZpZpZpZpZpZpZpZlIlIlIlIlIlIlIlIlIrXrXrXrXrXrXrXrXrXvR
83, vRvRvRvRvReEeEeNeNeNrSrSrPrPrPiRiRiRiRiRsEsEsEsEsEsEpOpOpOpOpOpOpOpOpOgFgFgFgFgFgFgFgFgFgFgFgFgFrWrWrWrWrWrWrWrWrWrWrWzP
84, uKuKcAdUdUdUoXoXoXoXxYxYxYxYxYxYxYxYgNgNgNgNgNvMvMvMvMvMvMxUxUxUxUxUxUxUxUhGhGhGhGhGhGhGhGhGhGhGsZsZsZsZsZsZsZsZsZsZsZsZzK
85, rVrVkEfPfPfPfPvNvNvNcHcHcHcHcHcHsBsBsBsBsBsBsBtRtRtRtRtRjKjKjKjKjKjKjKjKpVpVpVpVpVpVpVpVpVpVpVpVzM
86, hKhKhKhKiGiGiGiGbQbQbQvQvQvQvQuSuSbEbEbEbEbEbErArArArAoXoXoXoXoXoXoXiIiIiIiIiIiIiIiIiIiIrZrZrZrZrZrZrZrZrZrZzT
87, lRlRlReMeMeMeMaQaQaQaQrNrNrNoPoPfSfSfSfSwCwCwCwCwCwCwCpKpKpKpKpKpKpKpKjEjEjEjEjEjEjEjEjEmRmRmRmRmRmRmRmRmRmRvR
88, tUtUhAhAgOgOgOpTpFpFbLbLbLbLbLqIqIqIqIqIqIqIqIuVuVuVuVuVuVuVlAlAlAlAlAlAlAsUsUsUsUsUsUsUsUsUuXuXuXuXuXuXuXuXuXxU
89, sRsRkEkEkEeUeUoPoPoPvUvUvUvUvUdMdMdMoGoGoGoGoGoGoGoVoVoVoVoVoVoVoVlGlGlGlGlGlGlGzXzXzXzXzXzXzXzXzXzXzXzXzXyW
90, pKeKaUaUaUaUaUqNqNqNqNxQxQxQxQgJgJgJgJtItItItItItItIsSsSsSsSsSsSsSsSjFjFjFjFjFjFjFjFjFrTrTrTrTrTrTrTrTrTzZ
91, vMkFkFkFaQaQqQqQqQqQqQsRsRsRsRsRsRsRaHaHaHaHsMsMsMsMsMsMsMsMvSvSvSvSvSvSvSvSvSvSkPkPkPkPkPkPkPkPkPpXpXpXpXpXpXpXpXpXxQ
92, pMpMgCgCgCcYcYcYoVoVqQqQqQqQqQqQqQhDhDhDhDhDhDhDrFrFrFrFrFrFrFvUvUvUvUvUvUvUvUgMgMgMgMgMgMgMgMuPuPuPuPuPuPuPuPyLyLyLyLyLyLyLyLyLyLyLsO
93, tKtGtGtGtGaAaAaAaAdUsUsUsUsUvHfIoGoGoGoGoGlVlVlVlVlVlVlVlVgGgGgGgGgGgGgGgGgGgGgGvT
94, wNnEnEbUbUbUoSoSoSoSuOuOuOuOaOaOaOaOaOaOaOtFtFtFtFtFtFuXuXuXuXuXuXnPnPnPnPnPnPnPnPzLzLzLzLzLzLzLzLzLzLzLzLzP
95, mJmJdDdDdDdDdDePePpUrVrVrVtRtRtRtRtRtRtRkJkJkJkJtAtAtAtAtArNrNrNrNrNrNrNjHjHjHjHjHjHjHjHjHjHpXpXpXpXpXpXpXpXpXpXpXpXxU
96, oQoQoQkIkIkIkIkIdPdPdPqKqKqKqKqKqKqKzMzMzMzMzMzMfYfYfYfYfYfYfYfYkXkXkXkXkXkXkXuIuIuIuIuIrYrYrYrYrYrYrYrYrYrMrMrMrMrMrMrMrMtRtRtRtRtRtRtRtRtRtRtRtRyT
97, qXqXqXqXeAeAeAkMkMkMkMkMmTmTmTmTmTmTvTvTvTvTvTvTvTtAtAtAtAtAsRsRsRsRsRsRfCfCfCfCfCfCfCfCfCfCfCqZqZqZqZqZqZqZqZxL
98, pPpPiKiKiKiKeSeSeSeSeSwQwQwQtOtOtOtOtOdIdIdIdIdIdIqBqBqBqBqBqBqBqBuZuZuZuZuZuZuZuZuZnMnMnMnMnMnMnMnMnMnMqZqZqZqZqZqZqZqZqZqZqZqZwT
99, pMfQfQrJrJrJxMxMxMxMxMxMdEdEdEdEtLtLtLtLtLtLtLtLzNzNzNzNzNzNzNzNzNmJmJmJmJmJmJmJmJmJnPnPnPnPnPnPnPnPnPnPnPnPzX
