0, 0.000000, 0, 0
0, 327.458638, 423, 0
0, 1490.467579, 945, 960
0, 1527.093102, 37, 960
0, 1109.155733, 1280, 99
0, 235.334182, 1154, 575
0, 1534.464101, 0, 0
0, 1486.462015, 0, 50
0, 1129.305663, 223, 743
1, 3292.099328, 1280, 135
1, 0.000000, 32, 799
1, 61.478960, 1002, 270
1, 0.000000, 1085, 596
1, 1102.692555, 0, 0
1, 1420.122794, 1130, 0
1, 1554.726086, 1046, 470
1, 658.287967, 1280, 0
1, 672.605149, 805, 0
1, 1062.396209, 1280, 960
1, 1822.753819, 108, 960
2, 0.000000, 0, 960
2, 578.337821, 0, 604
2, 0.000000, 582, 135
2, 0.000000, 1117, 0
2, 664.663895, 333, 960
2, 612.705428, 1280, 0
2, 911.180249, 0, 960
2, 185.410413, 1280, 126
2, 3298.704072, 233, 960
3, 298.237088, 1092, 0
3, 389.293389, 0, 0
3, 138.982044, 1280, 0
3, 954.233467, 1280, 0
3, 65.283304, 253, 960
3, 122.695148, 1280, 655
3, 683.832687, 120, 960
3, 989.705260, 0, 532
3, 827.124567, 1280, 960
3, 1563.831360, 0, 0
3, 3338.435929, 0, 960
4, 266.995934, 1280, 276
4, 295.889725, 1046, 0
4, 0.000000, 472, 960
4, 179.431777, 1280, 960
4, 0.000000, 0, 960
4, 3287.015310, 22, 244
4, 405.758769, 591, 0
4, 1706.857819, 601, 852
4, 1836.760335, 0, 0
4, 1946.923374, 180, 0
5, 338.291145, 517, 153
5, 248.155672, 0, 960
5, 0.000000, 1280, 0
5, 1151.594305, 0, 879
5, 0.000000, 964, 276
5, 0.000000, 1155, 960
5, 1395.312519, 1280, 960
5, 1127.557751, 1280, 0
5, 1610.634436, 1280, 960
5, 1897.679864, 1023, 960
5, 1842.648265, 692, 647
6, 150.399533, 512, 192
6, 918.938533, 0, 853
6, 0.000000, 1280, 960
6, 480.721084, 1280, 596
6, 1919.035447, 0, 960
6, 1596.254869, 1057, 690
6, 0.000000, 997, 960
6, 1425.491203, 1280, 960
6, 2182.348748, 798, 48
7, 0.000000, 524, 0
7, 589.522810, 235, 219
7, 0.000000, 1222, 960
7, 506.770437, 790, 960
7, 250.878033, 371, 398
7, 1488.447377, 1109, 272
7, 831.726509, 613, 0
7, 512.504440, 514, 960
7, 884.776954, 79, 960
7, 2225.487784, 454, 960
8, 1037.913730, 0, 960
8, 486.679105, 755, 0
8, 376.329225, 639, 960
8, 0.000000, 705, 571
8, 1828.152518, 1280, 300
8, 684.855322, 1280, 960
8, 449.649028, 0, 374
8, 1245.377838, 1074, 0
8, 659.726659, 929, 219
8, 2117.266068, 1238, 0
8, 2047.794039, 0, 879
8, 4727.538704, 527, 960
9, 473.079533, 402, 0
9, 549.507567, 0, 960
9, 0.000000, 0, 960
9, 438.221813, 0, 0
9, 330.268737, 1280, 960
9, 571.648850, 0, 960
9, 1622.655971, 1280, 0
9, 986.619675, 426, 960
9, 0.000000, 0, 960
9, 1958.496547, 0, 0
10, 0.000000, 1219, 808
10, 1136.979776, 1280, 292
10, 0.000000, 502, 0
10, 1501.490864, 1280, 960
10, 1331.207617, 717, 0
10, 1441.191763, 0, 0
10, 0.000000, 266, 490
10, 1621.845322, 650, 579
10, 1180.984445, 714, 0
10, 1653.103258, 0, 879
10, 2243.366904, 724, 0
10, 1531.865096, 0, 673
11, 0.000000, 1280, 450
11, 664.714886, 0, 0
11, 376.097091, 1280, 960
11, 1009.476790, 1280, 0
11, 0.000000, 57, 324
11, 524.911580, 402, 960
11, 1491.707049, 903, 0
11, 2566.868421, 1280, 287
11, 383.888768, 1280, 524
11, 2057.853618, 589, 0
12, 0.000000, 0, 960
12, 0.000000, 0, 960
12, 383.679645, 1280, 791
12, 0.000000, 0, 668
12, 0.000000, 897, 371
12, 1037.887412, 1280, 0
12, 0.000000, 6, 0
12, 1152.884211, 1171, 0
12, 1686.822864, 1175, 440
12, 1927.834805, 1251, 0
12, 1985.366462, 0, 960
13, 0.000000, 842, 0
13, 1506.125615, 1276, 0
13, 0.000000, 1117, 370
13, 1450.295890, 682, 960
13, 0.000000, 936, 799
13, 1467.425852, 0, 960
13, 1166.682028, 1280, 960
13, 0.000000, 0, 475
13, 3250.601488, 71, 381
13, 2769.167504, 393, 0
13, 1533.002988, 0, 389
13, 2702.174218, 0, 960
13, 2532.664376, 1280, 960
14, 348.665331, 858, 960
14, 551.709733, 1140, 960
14, 0.000000, 0, 960
14, 114.560444, 1280, 695
14, 0.000000, 1178, 941
14, 1722.365437, 0, 575
14, 193.471512, 1280, 0
14, 0.000000, 1035, 784
14, 1276.111123, 1280, 621
14, 1659.019654, 0, 960
14, 1707.586517, 1103, 157
14, 690.551533, 825, 0
14, 3508.684762, 1280, 0
15, 837.975764, 0, 117
15, 0.000000, 975, 0
15, 798.292621, 695, 0
15, 768.067865, 589, 0
15, 0.000000, 1280, 960
15, 0.000000, 616, 0
15, 375.940121, 588, 960
15, 0.000000, 1217, 960
15, 457.795759, 1131, 0
15, 0.000000, 1280, 474
15, 2415.518279, 0, 960
15, 823.644316, 339, 960
16, 715.806395, 604, 960
16, 0.000000, 842, 960
16, 237.281504, 400, 960
16, 1233.433161, 0, 0
16, 0.000000, 0, 960
16, 834.845166, 157, 960
16, 93.680422, 412, 321
16, 1822.426567, 1280, 0
16, 1081.992360, 476, 0
16, 1366.177316, 994, 0
16, 1310.745655, 0, 619
16, 2781.754337, 0, 483
17, 0.000000, 0, 0
17, 950.587946, 1011, 960
17, 803.040714, 1280, 960
17, 1062.221970, 1280, 774
17, 476.702063, 0, 960
17, 425.611494, 0, 0
17, 960.807108, 0, 372
17, 1085.969473, 1280, 430
17, 224.757393, 844, 264
17, 503.136899, 609, 357
17, 1375.303121, 42, 960
17, 1381.432833, 0, 960
17, 2618.292961, 0, 112
18, 0.000000, 1280, 960
18, 664.132519, 0, 0
18, 0.000000, 1280, 960
18, 45.014526, 711, 235
18, 0.000000, 0, 813
18, 276.551040, 0, 0
18, 0.000000, 0, 960
18, 244.436076, 1024, 960
18, 293.382673, 129, 960
18, 2645.659760, 464, 0
19, 2218.473638, 162, 335
19, 1617.429264, 595, 0
19, 240.048582, 170, 0
19, 1070.378658, 0, 176
19, 0.000000, 0, 0
19, 105.256469, 21, 960
19, 0.000000, 1239, 960
19, 315.681282, 745, 472
19, 461.308523, 708, 0
19, 1253.763747, 1280, 479
19, 550.492025, 0, 122
19, 2197.182867, 0, 639
20, 0.000000, 611, 601
20, 83.247169, 0, 126
20, 817.480074, 276, 457
20, 0.000000, 26, 960
20, 643.609993, 1136, 960
20, 0.000000, 1072, 960
20, 131.430711, 656, 0
20, 1026.309536, 437, 949
20, 3536.415604, 206, 960
21, 2004.275353, 0, 0
21, 492.397388, 0, 960
21, 0.000000, 1280, 498
21, 1308.195989, 597, 840
21, 1802.314833, 0, 960
21, 80.612848, 964, 688
21, 0.000000, 1280, 960
21, 0.000000, 1280, 960
21, 1325.952849, 439, 734
21, 831.462471, 287, 213
21, 1498.549680, 0, 931
22, 443.613800, 284, 685
22, 138.257519, 0, 0
22, 733.588845, 1280, 960
22, 0.000000, 1010, 960
22, 1194.021049, 532, 960
22, 0.000000, 320, 960
22, 0.000000, 276, 0
22, 0.000000, 1280, 960
22, 0.000000, 1280, 960
22, 0.000000, 1094, 0
22, 2513.199665, 0, 419
22, 3338.864395, 147, 960
23, 0.000000, 0, 960
23, 0.000000, 1280, 960
23, 38.309491, 1115, 0
23, 0.000000, 956, 929
23, 539.769609, 698, 692
23, 116.780567, 181, 186
23, 1155.028196, 870, 743
23, 1626.013898, 232, 0
23, 2033.075242, 825, 960
23, 2833.188440, 1131, 0
23, 2842.410072, 0, 693
24, 0.000000, 478, 960
24, 0.000000, 1280, 960
24, 460.819318, 1280, 960
24, 802.529472, 1220, 753
24, 0.000000, 0, 960
24, 1673.508117, 959, 0
24, 0.000000, 1280, 0
24, 1391.274852, 291, 0
24, 51.627245, 1123, 44
24, 3269.893059, 1280, 810
24, 2197.442355, 0, 960
25, 1019.267910, 454, 415
25, 0.000000, 0, 960
25, 663.914864, 0, 960
25, 1261.281432, 0, 960
25, 1682.792003, 1190, 63
25, 1233.690513, 1280, 0
25, 0.000000, 901, 0
25, 214.768824, 0, 960
25, 0.000000, 0, 326
25, 1430.393497, 0, 383
25, 1522.358704, 0, 420
26, 1251.201773, 144, 960
26, 0.000000, 0, 960
26, 0.000000, 1280, 960
26, 960.816284, 234, 960
26, 1892.424816, 0, 960
26, 1646.779801, 1280, 506
26, 2071.438800, 908, 0
26, 1768.619016, 1280, 100
26, 0.000000, 721, 893
26, 769.407520, 0, 256
26, 3257.848729, 307, 394
27, 667.511558, 710, 960
27, 0.000000, 129, 0
27, 1840.039009, 1280, 960
27, 0.000000, 1280, 838
27, 829.553961, 0, 893
27, 593.570224, 1280, 0
27, 584.877426, 1237, 134
27, 0.000000, 29, 0
27, 1049.926864, 1280, 422
27, 1499.950159, 0, 960
27, 1917.936787, 0, 960
27, 1104.574274, 574, 0
28, 1052.323086, 1125, 960
28, 1292.011467, 0, 960
28, 0.000000, 0, 546
28, 67.957014, 498, 465
28, 1510.690043, 214, 546
28, 1269.476507, 351, 0
28, 2163.983226, 0, 0
28, 899.452345, 758, 0
28, 646.638812, 990, 355
28, 299.736239, 862, 0
28, 0.000000, 344, 713
28, 1931.159925, 94, 960
28, 4210.569297, 0, 136
29, 0.000000, 0, 83
29, 921.468286, 461, 960
29, 0.000000, 1280, 906
29, 1167.310101, 1280, 116
29, 662.703210, 0, 960
29, 630.233312, 0, 960
29, 860.747057, 928, 0
29, 1039.251383, 264, 960
29, 1769.847143, 1280, 168
29, 0.000000, 0, 960
29, 2427.883720, 1280, 760
29, 2724.393319, 0, 876
30, 771.812537, 122, 0
30, 869.284973, 0, 230
30, 257.285137, 1280, 718
30, 0.000000, 1280, 960
30, 1166.988047, 875, 0
30, 517.209935, 1104, 146
30, 1100.136252, 569, 0
30, 594.581017, 0, 182
30, 1885.394901, 0, 0
30, 1184.056256, 211, 483
31, 0.000000, 0, 960
31, 0.000000, 326, 960
31, 1226.850140, 712, 960
31, 938.186721, 778, 0
31, 0.000000, 398, 0
31, 1532.418617, 0, 960
31, 705.455842, 570, 0
31, 1075.595766, 0, 934
31, 0.000000, 412, 0
31, 1520.610396, 844, 960
31, 1298.568507, 0, 960
31, 4409.895055, 1280, 0
31, 4796.454907, 1280, 367
32, 222.762551, 0, 257
32, 1065.269192, 0, 586
32, 0.000000, 58, 960
32, 158.419091, 1280, 60
32, 0.000000, 1280, 0
32, 432.582576, 855, 0
32, 0.000000, 273, 960
32, 0.000000, 0, 0
32, 592.962210, 1100, 0
32, 902.862774, 934, 0
32, 968.782313, 0, 960
32, 2640.631350, 0, 226
33, 926.398531, 0, 70
33, 337.515428, 1280, 73
33, 1039.940031, 1280, 0
33, 0.000000, 1280, 0
33, 66.341842, 306, 28
33, 53.228151, 99, 362
33, 584.719680, 309, 960
33, 23.021348, 964, 960
33, 590.653012, 52, 0
33, 0.000000, 1280, 960
33, 0.000000, 1280, 960
33, 2486.869451, 873, 960
33, 1938.897547, 410, 721
34, 665.006759, 383, 0
34, 0.000000, 33, 0
34, 0.000000, 1280, 546
34, 902.160400, 981, 519
34, 1272.371382, 960, 960
34, 120.801145, 208, 675
34, 284.221268, 1280, 960
34, 791.460675, 1123, 291
35, 1994.057678, 491, 960
35, 0.000000, 806, 837
35, 2296.448963, 1166, 960
35, 0.000000, 84, 0
35, 511.471579, 323, 684
35, 0.000000, 1280, 283
35, 1492.642420, 1280, 726
35, 1216.928131, 1280, 573
35, 404.535755, 781, 214
35, 1294.783739, 1280, 0
35, 2918.844258, 0, 960
36, 0.000000, 1231, 960
36, 432.334735, 1051, 909
36, 557.562344, 0, 942
36, 259.167783, 0, 960
36, 1393.455181, 1280, 166
36, 0.000000, 1160, 845
36, 859.251526, 0, 563
36, 1164.376160, 773, 822
36, 1902.314436, 1280, 960
36, 2586.983596, 1280, 321
37, 0.000000, 697, 935
37, 173.880803, 1280, 0
37, 0.000000, 1280, 10
37, 604.276254, 1280, 960
37, 0.000000, 109, 748
37, 0.000000, 0, 960
37, 0.000000, 1115, 0
37, 1090.217253, 1280, 58
37, 1200.258011, 0, 960
37, 3177.525802, 1280, 0
38, 606.823332, 0, 0
38, 150.677603, 125, 0
38, 580.347362, 79, 960
38, 810.483282, 1048, 0
38, 2314.535182, 1280, 0
38, 0.000000, 156, 960
38, 273.280740, 163, 742
38, 0.000000, 0, 150
38, 280.212425, 914, 457
38, 1026.724559, 1280, 0
38, 455.787604, 405, 0
38, 1173.797288, 1280, 47
38, 3097.860013, 159, 960
39, 38.554067, 1280, 135
39, 0.000000, 948, 267
39, 0.000000, 412, 960
39, 1578.052714, 1280, 960
39, 817.173054, 1280, 960
39, 0.000000, 1280, 0
39, 323.549535, 978, 960
39, 249.793981, 1280, 633
39, 1991.109851, 507, 0
39, 541.340172, 973, 484
39, 2224.458175, 1176, 960
40, 0.000000, 0, 960
40, 421.782730, 0, 898
40, 461.714842, 1280, 20
40, 1096.415480, 1280, 960
40, 0.000000, 0, 758
40, 0.000000, 1031, 0
40, 0.000000, 1280, 792
40, 1003.808215, 1043, 818
40, 2534.123765, 0, 153
40, 3102.814354, 0, 528
40, 3198.564628, 781, 960
41, 0.000000, 1280, 0
41, 965.363408, 0, 0
41, 198.286867, 1280, 219
41, 0.000000, 1280, 0
41, 599.457701, 314, 0
41, 0.000000, 0, 179
41, 823.641309, 525, 960
41, 138.760526, 267, 748
41, 1788.565475, 0, 0
41, 2467.138921, 1280, 0
41, 509.700422, 929, 960
42, 833.494779, 256, 960
42, 979.580987, 712, 0
42, 1155.254930, 102, 0
42, 504.435904, 0, 520
42, 0.000000, 0, 704
42, 0.000000, 1280, 0
42, 1106.107109, 1182, 960
42, 2701.550524, 26, 960
42, 2221.985828, 1204, 960
43, 0.000000, 717, 257
43, 777.706857, 357, 960
43, 0.000000, 0, 960
43, 0.000000, 1272, 609
43, 495.091525, 851, 0
43, 0.000000, 0, 948
43, 0.000000, 0, 0
43, 519.961575, 360, 939
43, 1213.911682, 744, 960
43, 1926.258139, 568, 960
43, 1493.276652, 1280, 960
43, 3010.581877, 1250, 544
43, 2921.079978, 256, 0
44, 764.944375, 435, 960
44, 1042.454328, 0, 594
44, 0.000000, 1280, 886
44, 0.000000, 1217, 163
44, 976.661287, 1280, 0
44, 1130.078459, 0, 0
44, 935.280975, 836, 667
44, 89.608652, 914, 0
44, 2017.698444, 153, 293
44, 2751.008735, 1280, 0
45, 0.000000, 275, 960
45, 0.000000, 1280, 960
45, 2340.398624, 1280, 960
45, 0.000000, 884, 960
45, 852.580434, 862, 960
45, 65.026364, 1279, 0
45, 1020.122148, 233, 960
45, 855.941571, 562, 0
45, 1292.968314, 215, 611
45, 2029.632991, 0, 960
46, 0.000000, 0, 0
46, 222.047084, 0, 0
46, 0.000000, 745, 460
46, 0.000000, 665, 960
46, 906.649691, 0, 960
46, 0.000000, 1204, 393
46, 907.721098, 1196, 0
46, 555.828753, 1280, 0
46, 810.357583, 784, 0
46, 1061.400628, 745, 600
47, 0.000000, 1132, 960
47, 0.000000, 508, 960
47, 517.403072, 725, 960
47, 79.430763, 0, 353
47, 1233.288845, 0, 0
47, 584.788576, 105, 960
47, 1046.532235, 554, 0
47, 362.518665, 1280, 716
47, 5.495400, 1280, 646
47, 607.150537, 480, 294
47, 2474.171875, 22, 838
47, 2598.609601, 0, 929
47, 3299.789415, 1280, 821
48, 0.000000, 572, 960
48, 0.000000, 0, 887
48, 1340.880002, 0, 0
48, 1125.824731, 434, 960
48, 916.245810, 744, 960
48, 1514.427697, 0, 960
48, 885.190020, 1280, 12
48, 235.738910, 1280, 960
48, 2938.258800, 247, 265
48, 2336.158526, 1280, 930
49, 1052.621723, 0, 960
49, 193.399289, 882, 960
49, 195.155303, 1280, 960
49, 66.322283, 472, 960
49, 279.781393, 0, 960
49, 639.237879, 782, 378
49, 0.000000, 1109, 461
49, 142.095649, 405, 0
49, 1082.205599, 700, 871
49, 2355.247500, 363, 960
49, 3726.084618, 1280, 960
49, 3031.882385, 1280, 960
50, 0.000000, 0, 960
50, 0.000000, 0, 0
50, 1174.467993, 215, 960
50, 2206.353074, 1280, 841
50, 0.000000, 1280, 0
50, 0.000000, 595, 141
50, 719.732955, 0, 960
50, 444.780172, 0, 960
50, 301.577055, 1280, 960
50, 347.366179, 1280, 690
50, 484.095272, 1280, 960
51, 369.558612, 1280, 457
51, 445.217163, 1280, 313
51, 886.021114, 934, 589
51, 1037.194689, 0, 0
51, 1553.124258, 394, 618
51, 390.742844, 1201, 0
51, 567.972494, 1064, 0
52, 0.000000, 354, 960
52, 650.078885, 453, 297
52, 1615.047259, 333, 960
52, 141.597236, 874, 672
52, 1934.109805, 577, 960
52, 8.797219, 1280, 486
52, 1779.228618, 906, 0
52, 645.829522, 1001, 960
52, 552.460829, 1280, 506
52, 2053.057687, 1280, 411
53, 338.514568, 1176, 0
53, 0.000000, 1088, 960
53, 951.690043, 1280, 783
53, 0.000000, 829, 225
53, 647.855269, 1280, 960
53, 416.154361, 0, 678
53, 882.490907, 1068, 68
53, 0.000000, 1211, 856
53, 2023.763407, 214, 0
53, 243.740651, 1280, 0
53, 1509.725136, 507, 960
54, 1286.440914, 1280, 599
54, 118.227855, 0, 783
54, 0.000000, 0, 820
54, 101.528964, 0, 679
54, 0.000000, 1280, 0
54, 0.000000, 218, 960
54, 1502.161035, 176, 0
54, 1998.429566, 1280, 960
55, 0.000000, 0, 0
55, 725.263725, 53, 0
55, 0.000000, 0, 960
55, 1202.328713, 368, 0
55, 0.000000, 1280, 637
55, 1026.922147, 413, 960
55, 843.802509, 1280, 444
55, 0.000000, 761, 960
55, 2199.365815, 350, 94
55, 470.240825, 1280, 744
55, 1110.200898, 833, 169
56, 0.000000, 1134, 734
56, 0.000000, 0, 0
56, 915.806376, 448, 960
56, 1233.300372, 394, 960
56, 1629.771373, 528, 611
56, 1452.188553, 1280, 960
56, 2206.143541, 639, 0
56, 278.797523, 0, 0
56, 372.239996, 1280, 703
56, 0.000000, 1280, 742
56, 774.688038, 1280, 960
56, 1032.867214, 512, 518
56, 895.344326, 427, 96
57, 964.725043, 1280, 0
57, 0.000000, 1280, 0
57, 858.471731, 1280, 960
57, 1069.510493, 33, 0
57, 0.000000, 1103, 0
57, 1450.304796, 1023, 554
57, 1638.302169, 1280, 960
57, 0.000000, 683, 0
57, 0.000000, 709, 960
57, 36.468797, 1280, 960
58, 0.000000, 1280, 837
58, 525.172965, 4, 0
58, 0.000000, 555, 247
58, 92.926099, 1280, 739
58, 0.000000, 1280, 960
58, 377.625316, 1280, 960
58, 1338.799171, 481, 0
58, 333.213752, 1280, 593
58, 0.000000, 1280, 706
58, 1327.157186, 1280, 960
59, 398.129261, 0, 0
59, 0.000000, 0, 0
59, 1117.282601, 174, 858
59, 0.000000, 0, 334
59, 202.346378, 1280, 960
59, 239.007444, 1209, 181
59, 1327.784299, 1280, 960
59, 734.301638, 1280, 730
59, 2029.546775, 1280, 0
60, 540.183668, 760, 454
60, 0.000000, 508, 12
60, 0.000000, 0, 556
60, 0.000000, 0, 960
60, 1432.696778, 274, 0
60, 328.134462, 1280, 960
60, 868.775105, 311, 665
60, 1056.722820, 241, 98
60, 2525.140829, 152, 21
60, 0.000000, 1280, 0
60, 2271.148725, 1280, 0
61, 0.000000, 635, 960
61, 0.000000, 0, 185
61, 0.000000, 395, 585
61, 0.000000, 586, 0
61, 0.000000, 478, 960
61, 0.000000, 998, 960
61, 0.000000, 1280, 0
61, 1263.112605, 0, 0
61, 2011.064134, 1280, 119
61, 1908.567120, 1280, 329
62, 136.752524, 599, 120
62, 0.000000, 1280, 0
62, 310.754095, 0, 960
62, 0.000000, 554, 960
62, 1126.246567, 1233, 0
62, 0.000000, 0, 0
62, 108.155279, 1280, 0
62, 0.000000, 1280, 304
62, 112.707734, 354, 695
62, 2152.869975, 1280, 960
62, 2326.962775, 1055, 960
62, 0.000000, 1280, 0
62, 0.000000, 1280, 960
63, 873.021819, 0, 0
63, 233.435181, 0, 0
63, 97.883774, 0, 960
63, 587.971738, 704, 960
63, 534.498831, 492, 960
63, 817.145567, 0, 960
63, 736.146932, 13, 0
63, 506.054528, 1280, 888
63, 1130.989069, 0, 0
63, 2302.530016, 1280, 0
64, 0.000000, 1280, 960
64, 584.724743, 1280, 960
64, 0.000000, 0, 0
64, 54.152945, 155, 960
64, 313.291474, 0, 0
64, 0.000000, 756, 300
64, 917.489040, 1082, 852
64, 1545.368391, 964, 765
65, 575.515634, 1019, 0
65, 0.000000, 1280, 186
65, 797.354518, 0, 827
65, 0.000000, 463, 553
65, 1382.610811, 0, 270
65, 0.000000, 292, 960
65, 0.000000, 0, 0
65, 803.848503, 0, 960
65, 627.583372, 1280, 0
65, 1276.594894, 1280, 960
65, 732.999686, 1027, 386
65, 1123.977543, 1280, 0
65, 2619.088911, 0, 691
65, 1406.422648, 1280, 960
66, 64.413610, 1280, 960
66, 0.000000, 962, 0
66, 1030.397408, 524, 960
66, 437.468486, 1037, 0
66, 383.600107, 967, 960
66, 0.000000, 1189, 0
66, 729.179172, 1280, 0
66, 1140.389750, 1280, 0
66, 787.933529, 1280, 283
66, 1620.827050, 1280, 0
67, 849.855140, 705, 0
67, 171.512343, 1200, 960
67, 1535.009352, 954, 860
67, 1415.063184, 1079, 104
67, 0.000000, 0, 359
67, 347.421393, 579, 0
67, 572.893497, 0, 579
67, 1140.351188, 865, 0
67, 789.753717, 316, 898
67, 2725.634651, 1280, 960
68, 1293.588986, 45, 0
68, 0.000000, 710, 214
68, 660.896384, 942, 0
68, 1468.762470, 1280, 0
68, 52.922814, 760, 98
68, 160.151903, 64, 878
68, 951.938783, 1280, 0
68, 1293.817822, 0, 960
68, 626.752876, 488, 960
68, 701.260057, 0, 0
68, 1478.205605, 1280, 960
69, 0.000000, 821, 0
69, 1021.268832, 497, 0
69, 0.000000, 23, 960
69, 1845.566912, 1280, 0
69, 1384.702193, 1280, 960
69, 591.103176, 0, 960
69, 0.000000, 0, 23
69, 683.874178, 1280, 960
69, 0.000000, 866, 960
69, 1065.997175, 924, 411
69, 341.258526, 1280, 960
70, 0.000000, 0, 83
70, 0.000000, 0, 923
70, 1591.749917, 0, 0
70, 168.124612, 1217, 325
70, 0.000000, 0, 960
70, 295.621888, 0, 960
70, 1394.091464, 0, 949
70, 1116.072328, 909, 0
70, 957.830833, 1044, 692
70, 0.000000, 141, 0
70, 2320.848740, 1280, 960
71, 0.000000, 891, 138
71, 0.000000, 222, 0
71, 0.000000, 1280, 195
71, 380.088154, 0, 0
71, 1092.026278, 0, 0
71, 0.000000, 434, 263
71, 488.824815, 0, 0
71, 0.000000, 782, 89
71, 189.302108, 342, 369
71, 1647.408451, 966, 960
71, 622.049463, 1280, 609
72, 0.000000, 1280, 0
72, 0.000000, 1280, 0
72, 1072.666639, 1020, 0
72, 1020.683677, 196, 960
72, 613.707802, 1280, 812
72, 575.205013, 0, 960
72, 533.879188, 331, 0
72, 1088.248440, 1136, 960
72, 1904.444694, 1280, 0
72, 1592.148045, 1280, 960
72, 2212.473579, 1146, 960
73, 880.576220, 1280, 960
73, 1236.309515, 0, 144
73, 157.310742, 0, 960
73, 994.106649, 872, 960
73, 0.000000, 1280, 350
73, 1198.672547, 0, 960
73, 1204.438082, 890, 0
73, 910.967957, 35, 0
73, 1294.580234, 338, 0
73, 692.204058, 1280, 79
73, 378.388904, 1280, 299
74, 655.185128, 241, 106
74, 0.000000, 1280, 960
74, 0.000000, 0, 328
74, 668.114143, 320, 383
74, 1113.285834, 394, 0
74, 600.864262, 133, 561
74, 1155.969294, 0, 660
74, 0.000000, 287, 960
74, 0.000000, 0, 933
74, 234.963272, 729, 960
74, 0.000000, 1280, 0
74, 1088.571634, 0, 468
74, 146.308840, 1280, 960
74, 1441.604179, 1280, 425
75, 548.250057, 1280, 97
75, 356.403264, 880, 960
75, 143.887175, 1, 0
75, 950.699201, 1280, 960
75, 186.745211, 276, 80
75, 0.000000, 32, 681
75, 0.000000, 542, 960
75, 970.827045, 82, 617
75, 1993.443609, 1280, 960
75, 2130.391503, 796, 0
75, 1452.749103, 1280, 751
76, 0.000000, 1280, 960
76, 2248.108397, 0, 726
76, 0.000000, 0, 0
76, 1717.310731, 0, 854
76, 0.000000, 1280, 960
76, 163.120289, 0, 0
76, 0.000000, 902, 136
76, 1022.867046, 178, 0
76, 18.553630, 589, 0
76, 22.871053, 1280, 474
76, 473.770411, 0, 960
77, 2514.183448, 1280, 513
77, 0.000000, 0, 613
77, 0.000000, 45, 0
77, 1902.069864, 567, 0
77, 0.000000, 1280, 922
77, 209.280324, 0, 241
77, 1256.021844, 16, 519
77, 1169.857089, 1280, 281
77, 1414.962415, 713, 0
77, 571.378763, 935, 947
77, 741.262739, 766, 255
78, 129.156889, 1107, 0
78, 0.000000, 1280, 926
78, 0.000000, 565, 0
78, 660.521126, 1056, 960
78, 639.618013, 929, 0
78, 1460.375675, 1280, 0
78, 924.000740, 0, 960
78, 0.000000, 276, 771
78, 792.024191, 838, 439
78, 1077.586713, 0, 960
78, 2168.987815, 0, 939
79, 0.000000, 1280, 960
79, 1985.812509, 1280, 0
79, 311.212429, 0, 960
79, 285.902407, 0, 960
79, 0.000000, 0, 272
79, 1890.248981, 1167, 300
79, 0.000000, 11, 0
79, 320.836285, 155, 0
79, 310.551031, 1280, 960
79, 182.633746, 0, 0
79, 741.267529, 1280, 0
79, 1632.975505, 566, 960
79, 1740.162088, 794, 953
80, 0.000000, 794, 0
80, 846.069669, 357, 68
80, 0.000000, 284, 146
80, 1392.589060, 0, 726
80, 1633.363441, 1054, 960
80, 437.706722, 1280, 960
80, 1176.185693, 1108, 960
80, 331.817667, 0, 895
80, 409.884456, 1280, 943
80, 1616.990212, 188, 750
80, 557.746391, 1280, 960
81, 0.000000, 887, 179
81, 4.328597, 0, 0
81, 506.977654, 0, 960
81, 153.945819, 1280, 0
81, 0.000000, 1280, 491
81, 0.000000, 1280, 960
81, 248.700905, 541, 0
81, 0.000000, 0, 0
81, 1325.933263, 1280, 960
82, 614.452715, 470, 0
82, 2325.474251, 0, 216
82, 533.482192, 523, 254
82, 0.000000, 1280, 960
82, 0.000000, 0, 0
82, 389.236202, 357, 960
82, 1122.398944, 1280, 317
82, 0.000000, 1228, 960
83, 0.000000, 1280, 577
83, 1693.057678, 0, 0
83, 0.000000, 957, 960
83, 0.000000, 1248, 0
83, 858.970998, 0, 361
83, 373.904943, 0, 729
83, 0.000000, 0, 0
83, 0.000000, 1280, 842
83, 783.896654, 1280, 86
83, 225.176171, 1146, 0
83, 1015.507869, 487, 21
83, 721.069690, 146, 0
84, 0.000000, 155, 0
84, 0.000000, 149, 960
84, 792.367363, 0, 947
84, 0.000000, 665, 960
84, 0.000000, 1280, 865
84, 0.000000, 1280, 960
84, 0.000000, 34, 200
84, 0.000000, 0, 0
84, 0.000000, 885, 960
84, 1421.899746, 502, 0
84, 126.451979, 0, 960
84, 237.664760, 1280, 960
84, 468.577099, 798, 960
85, 112.158529, 0, 960
85, 0.000000, 1280, 849
85, 0.000000, 790, 936
85, 0.000000, 669, 960
85, 562.176649, 699, 0
85, 1674.598600, 0, 456
85, 1157.628585, 723, 0
85, 1383.752482, 1187, 4
85, 765.312977, 219, 589
85, 661.759417, 1280, 960
85, 0.000000, 618, 960
86, 0.000000, 429, 960
86, 414.290544, 189, 960
86, 0.000000, 0, 960
86, 0.000000, 1280, 635
86, 893.023525, 0, 960
86, 1638.098091, 721, 383
86, 1766.645899, 1280, 0
86, 855.609365, 87, 0
86, 120.055570, 608, 518
86, 0.000000, 320, 493
86, 390.738657, 1183, 960
86, 2186.864606, 1280, 960
87, 579.816461, 1280, 960
87, 1045.156748, 274, 319
87, 366.742837, 284, 505
87, 0.000000, 0, 468
87, 324.854977, 1267, 960
87, 1007.932255, 933, 425
87, 1273.337062, 1127, 632
87, 1058.637580, 1280, 0
87, 1877.377975, 1280, 56
87, 433.570169, 118, 960
87, 1278.056484, 484, 7
88, 0.000000, 0, 960
88, 871.386066, 0, 0
88, 886.076812, 1120, 91
88, 292.781673, 0, 0
88, 0.000000, 973, 772
88, 0.000000, 660, 960
88, 0.000000, 0, 164
88, 110.756050, 1095, 138
88, 1501.013876, 1280, 445
88, 838.896051, 1059, 0
88, 1990.997025, 0, 450
88, 1023.917921, 1254, 960
89, 0.000000, 1016, 0
89, 721.066630, 0, 0
89, 0.000000, 0, 960
89, 76.489150, 31, 784
89, 484.831291, 1175, 904
89, 1386.174696, 0, 0
89, 695.414291, 0, 0
89, 1484.218534, 0, 915
89, 1516.479376, 125, 18
90, 0.000000, 629, 960
90, 0.000000, 1021, 0
90, 491.778397, 0, 600
90, 0.000000, 1280, 0
90, 0.000000, 1280, 960
90, 1930.720758, 682, 507
90, 1266.435907, 688, 960
90, 153.293626, 425, 0
90, 1900.597454, 1087, 0
90, 1284.596876, 1280, 960
91, 0.000000, 25, 778
91, 0.000000, 806, 925
91, 0.000000, 82, 960
91, 0.000000, 392, 566
91, 0.000000, 0, 960
91, 613.697005, 1069, 471
91, 1143.351656, 1065, 726
91, 603.669746, 962, 960
91, 1081.374839, 1129, 267
91, 856.846351, 1280, 960
92, 561.526777, 193, 0
92, 0.000000, 408, 0
92, 0.000000, 0, 960
92, 0.000000, 1280, 478
92, 0.000000, 372, 960
92, 0.000000, 396, 519
92, 0.000000, 0, 960
92, 2252.117729, 0, 960
92, 700.796461, 1075, 403
92, 0.000000, 1280, 542
93, 0.000000, 605, 0
93, 0.000000, 0, 443
93, 378.706157, 597, 0
93, 1345.113008, 919, 0
93, 0.000000, 0, 0
93, 0.000000, 757, 148
93, 1825.847198, 499, 316
93, 0.000000, 1146, 610
93, 1116.029619, 1280, 0
93, 1224.615794, 1280, 80
94, 1.815373, 1280, 960
94, 0.000000, 750, 0
94, 0.000000, 0, 446
94, 575.258664, 473, 432
94, 356.273837, 1280, 0
94, 0.000000, 0, 0
94, 303.283039, 67, 0
94, 145.199322, 0, 960
94, 0.000000, 1030, 13
94, 516.372960, 145, 3
94, 0.000000, 1280, 960
94, 75.261639, 1280, 628
95, 186.249021, 0, 960
95, 0.000000, 0, 960
95, 408.871731, 1280, 960
95, 0.000000, 0, 960
95, 0.000000, 1069, 776
95, 0.000000, 1017, 528
95, 1757.839407, 1280, 960
95, 0.000000, 1280, 131
96, 117.405629, 0, 960
96, 1478.702080, 798, 147
96, 397.170064, 0, 0
96, 0.000000, 0, 0
96, 1294.881071, 1229, 0
96, 0.000000, 1280, 408
96, 0.000000, 802, 960
96, 207.702126, 822, 649
96, 1374.066986, 1280, 960
96, 665.809357, 0, 0
96, 0.000000, 1280, 537
96, 1179.336836, 0, 960
96, 1250.894913, 839, 861
97, 1238.182820, 91, 131
97, 240.646134, 0, 930
97, 630.707980, 477, 960
97, 1412.805347, 1280, 64
97, 54.149480, 1280, 0
97, 3274.379413, 692, 597
97, 2633.256005, 0, 937
97, 546.284062, 1280, 347
98, 612.921424, 1280, 960
98, 1823.522868, 1280, 960
98, 1516.442089, 597, 573
98, 0.000000, 890, 0
98, 237.724681, 171, 960
98, 0.000000, 1280, 0
98, 735.401556, 1280, 0
98, 1039.073931, 1280, 0
98, 328.368786, 1280, 960
98, 1735.956634, 150, 528
98, 1093.599242, 1280, 341
99, 0.000000, 1280, 960
99, 919.847682, 1280, 0
99, 1174.778117, 515, 0
99, 0.000000, 852, 0
99, 2008.001554, 822, 744
99, 1311.738052, 1227, 0
99, 793.581430, 0, 0
99, 691.979510, 0, 960
99, 0.000000, 492, 960
99, 1701.162307, 0, 733
