0, 1230.748377, 821, 599
0, 47.833909, 645, 960
0, 0.000000, 0, 0
0, 96.417942, 778, 960
0, 205.833780, 1170, 458
0, 82.444204, 1264, 960
0, 0.000000, 0, 635
0, 2897.975857, 0, 0
0, 2500.214615, 918, 960
1, 0.000000, 1034, 960
1, 266.291635, 0, 960
1, 0.000000, 0, 329
1, 0.000000, 1002, 960
1, 1393.371287, 1276, 21
1, 1559.075988, 1280, 960
1, 795.511364, 770, 0
1, 0.000000, 1280, 543
1, 1326.928153, 1280, 960
1, 2120.192089, 0, 960
1, 3638.559488, 235, 676
2, 1420.843853, 715, 595
2, 2081.802035, 1280, 960
2, 0.000000, 0, 527
2, 2213.705490, 1280, 960
2, 1849.686066, 368, 960
2, 0.000000, 0, 960
2, 0.000000, 0, 960
2, 1457.304707, 1280, 960
2, 1016.265535, 0, 0
2, 2360.437806, 431, 960
2, 2014.040424, 1280, 203
2, 1291.746691, 1280, 960
2, 1270.129984, 0, 0
2, 2005.731299, 1280, 446
3, 0.000000, 0, 531
3, 1161.887893, 0, 0
3, 755.846113, 601, 0
3, 0.000000, 0, 960
3, 1144.626802, 0, 426
3, 0.000000, 194, 829
3, 0.000000, 0, 445
3, 84.715681, 1258, 960
3, 2145.525436, 1280, 0
3, 2767.365051, 0, 739
3, 1727.643814, 1280, 960
4, 739.546241, 1280, 221
4, 1360.719804, 1280, 960
4, 215.081916, 1280, 539
4, 369.123520, 40, 893
4, 737.699665, 0, 960
4, 0.000000, 0, 0
4, 1653.096482, 856, 960
4, 2355.679537, 0, 960
4, 3319.722136, 260, 0
5, 0.000000, 1280, 0
5, 0.000000, 0, 0
5, 1574.209419, 0, 584
5, 0.000000, 961, 960
5, 0.000000, 1280, 960
5, 0.000000, 133, 960
5, 0.000000, 0, 960
5, 0.000000, 1118, 8
5, 1107.285626, 106, 960
5, 2080.797898, 1280, 386
5, 2127.945099, 1280, 0
5, 1055.210572, 0, 153
5, 2074.468697, 0, 274
6, 650.610248, 0, 565
6, 0.000000, 950, 0
6, 0.000000, 1280, 960
6, 236.898885, 0, 960
6, 3104.523169, 1280, 0
6, 0.000000, 1280, 960
6, 262.382846, 524, 960
6, 0.000000, 593, 0
6, 9.785807, 193, 0
6, 1037.143160, 0, 266
6, 3720.615329, 104, 747
7, 1291.309573, 375, 0
7, 175.568249, 1280, 960
7, 0.000000, 254, 727
7, 782.337825, 1064, 58
7, 2541.107529, 405, 687
7, 342.338384, 1280, 112
7, 2215.923583, 1280, 0
7, 127.212498, 1115, 960
7, 988.826995, 423, 402
8, 1809.465708, 1280, 0
8, 0.000000, 1280, 960
8, 781.747973, 1042, 960
8, 1550.936756, 0, 538
8, 2724.469421, 946, 960
8, 1487.705041, 1280, 0
8, 241.358348, 0, 607
8, 3348.902345, 1280, 960
8, 3254.261777, 285, 710
9, 61.300636, 334, 0
9, 1401.868486, 1046, 960
9, 143.394186, 1280, 960
9, 2253.314222, 445, 0
9, 0.000000, 1152, 373
9, 2157.166808, 0, 743
9, 1957.413668, 0, 64
9, 2279.791214, 1280, 0
9, 0.000000, 1280, 0
9, 644.549883, 1280, 0
9, 2406.910580, 0, 960
9, 812.661872, 255, 766
10, 2471.311439, 887, 0
10, 395.098745, 1280, 960
10, 0.000000, 0, 960
10, 0.000000, 98, 246
10, 603.503236, 802, 6
10, 1571.352041, 292, 0
10, 0.000000, 1280, 0
10, 3358.479471, 0, 960
10, 3300.538971, 0, 312
11, 0.000000, 0, 960
11, 0.000000, 961, 960
11, 2180.493210, 1280, 960
11, 2748.294914, 0, 960
11, 0.000000, 435, 0
11, 0.000000, 0, 322
11, 2172.205369, 1280, 0
11, 130.331278, 763, 0
11, 639.970312, 1280, 402
11, 734.276243, 994, 874
12, 0.000000, 775, 960
12, 0.000000, 0, 622
12, 189.375679, 18, 25
12, 0.000000, 522, 0
12, 1623.699588, 435, 960
12, 0.000000, 960, 590
12, 1264.857446, 1280, 498
12, 2092.882048, 1280, 0
12, 0.000000, 892, 680
12, 4628.884276, 1280, 960
13, 506.480511, 394, 960
13, 1522.186201, 0, 914
13, 492.985199, 108, 960
13, 0.000000, 89, 94
13, 1016.596509, 856, 0
13, 5.542627, 1079, 960
13, 0.000000, 0, 0
13, 1189.303593, 1280, 960
13, 2657.675969, 31, 960
13, 1951.276298, 0, 207
13, 1608.665862, 588, 960
14, 346.088651, 262, 960
14, 0.000000, 696, 3
14, 1789.241312, 885, 0
14, 0.000000, 0, 196
14, 0.000000, 717, 0
14, 896.655944, 0, 0
14, 995.699678, 0, 786
14, 1810.698256, 108, 0
14, 2484.982934, 61, 960
14, 2533.112542, 0, 960
14, 392.601053, 1126, 960
14, 2026.198722, 1005, 0
15, 0.000000, 332, 740
15, 872.571871, 0, 0
15, 929.535485, 973, 0
15, 0.000000, 1204, 319
15, 0.000000, 1280, 960
15, 0.000000, 641, 692
15, 2577.575961, 0, 960
15, 1679.929452, 0, 0
15, 3745.092085, 0, 0
16, 765.378979, 715, 0
16, 1834.282683, 0, 254
16, 861.478025, 1280, 960
16, 335.426625, 735, 100
16, 0.000000, 456, 619
16, 1296.664369, 1118, 281
16, 800.698136, 0, 0
16, 0.000000, 1110, 960
16, 1250.760304, 0, 108
16, 738.761035, 1280, 0
16, 1011.879501, 262, 960
16, 0.000000, 0, 960
16, 0.000000, 930, 0
16, 3354.999778, 312, 960
17, 0.000000, 541, 960
17, 0.000000, 0, 960
17, 0.000000, 0, 960
17, 0.000000, 1280, 960
17, 0.000000, 0, 960
17, 0.000000, 0, 960
17, 0.000000, 0, 818
17, 2590.560216, 537, 0
17, 10.591806, 1252, 914
17, 119.713034, 1280, 587
17, 1813.744342, 653, 330
17, 55.540217, 0, 0
17, 2277.404798, 199, 0
18, 0.000000, 0, 797
18, 663.920824, 1097, 0
18, 0.000000, 1280, 960
18, 0.000000, 0, 960
18, 2073.841029, 0, 960
18, 983.192275, 1280, 0
18, 3392.802769, 926, 66
18, 4118.129435, 0, 960
19, 892.743072, 1280, 0
19, 568.455432, 463, 0
19, 1169.477184, 0, 960
19, 442.012271, 1280, 960
19, 541.935847, 0, 0
19, 1080.272461, 0, 563
19, 1005.226914, 1280, 831
19, 3351.309051, 0, 493
19, 2654.379201, 0, 960
20, 154.777425, 93, 415
20, 0.000000, 1107, 245
20, 0.000000, 1280, 960
20, 446.735182, 0, 835
20, 0.000000, 1280, 0
20, 552.284620, 1071, 630
20, 1717.158662, 1280, 0
20, 2745.986042, 0, 0
20, 3140.839038, 1017, 13
20, 4045.205444, 0, 960
21, 781.245349, 489, 855
21, 552.964592, 0, 0
21, 1709.523829, 749, 527
21, 341.691448, 1280, 0
21, 2092.089896, 633, 780
21, 2738.485600, 0, 118
21, 1290.256170, 799, 960
21, 1667.692701, 1280, 0
21, 0.000000, 0, 0
21, 0.000000, 199, 0
21, 0.000000, 1210, 416
21, 518.446906, 1233, 446
22, 756.238428, 1280, 960
22, 0.000000, 697, 960
22, 0.000000, 0, 960
22, 0.000000, 1280, 0
22, 1455.421674, 1141, 960
22, 0.000000, 1280, 330
22, 162.880439, 1280, 960
22, 0.000000, 1280, 960
22, 999.536788, 33, 206
22, 1161.257878, 312, 960
22, 3374.218173, 29, 960
22, 1415.210106, 579, 960
22, 2931.199254, 0, 0
23, 0.000000, 260, 960
23, 0.000000, 0, 960
23, 0.000000, 0, 960
23, 0.000000, 1280, 0
23, 0.000000, 0, 205
23, 557.228291, 0, 367
23, 2359.843328, 0, 960
23, 688.033972, 1280, 417
23, 361.208968, 1280, 0
23, 1546.482477, 0, 960
23, 2680.000874, 0, 652
23, 5000.000000, 0, 960
24, 537.494868, 0, 0
24, 1323.553154, 0, 0
24, 0.000000, 0, 0
24, 1001.908189, 294, 960
24, 514.752609, 343, 49
24, 0.000000, 1280, 960
24, 522.677377, 1280, 898
24, 0.000000, 1237, 960
24, 774.660464, 1280, 339
24, 3604.500770, 0, 960
25, 0.000000, 1280, 163
25, 315.335396, 915, 349
25, 0.000000, 1280, 484
25, 1214.708128, 0, 960
25, 739.387198, 464, 601
25, 883.709027, 1280, 0
25, 785.631123, 0, 0
25, 2771.708675, 892, 960
26, 587.721332, 1213, 177
26, 752.379494, 0, 960
26, 902.377411, 1280, 0
26, 0.000000, 1280, 0
26, 1976.605783, 84, 184
26, 2238.254857, 0, 466
26, 948.356867, 312, 960
26, 0.000000, 0, 960
26, 0.000000, 1280, 960
26, 2428.797645, 1042, 960
26, 1713.338825, 0, 705
26, 1662.353860, 0, 0
26, 809.532923, 497, 960
26, 3086.348130, 0, 499
26, 2425.807084, 0, 0
27, 0.000000, 133, 0
27, 0.000000, 0, 0
27, 295.094795, 1280, 960
27, 0.000000, 1115, 738
27, 0.000000, 0, 960
27, 2835.867297, 1280, 960
27, 528.421860, 929, 276
27, 774.666376, 1280, 0
27, 1279.789799, 27, 533
27, 0.000000, 344, 960
27, 2480.268336, 129, 659
27, 1964.890331, 0, 285
27, 2487.462786, 281, 877
28, 553.322170, 0, 532
28, 961.966577, 213, 0
28, 0.000000, 317, 960
28, 1089.085123, 0, 960
28, 801.324494, 650, 960
28, 400.117060, 1194, 312
28, 220.935992, 1089, 0
29, 0.000000, 589, 960
29, 632.624907, 0, 314
29, 202.412663, 1280, 960
29, 545.318408, 1011, 960
29, 323.017320, 1280, 960
29, 0.000000, 1280, 488
29, 2266.699307, 0, 199
29, 1956.092766, 0, 960
30, 1836.686598, 0, 652
30, 296.483577, 0, 624
30, 0.000000, 1280, 885
30, 0.000000, 0, 960
30, 48.751408, 43, 960
30, 2863.198796, 1240, 960
30, 0.000000, 891, 819
30, 1096.292567, 270, 575
30, 1781.222363, 1280, 893
30, 609.615712, 0, 129
30, 878.692378, 0, 757
30, 2378.943582, 0, 305
31, 0.000000, 1280, 960
31, 1254.560695, 1165, 0
31, 0.000000, 1280, 340
31, 1836.119750, 0, 0
31, 659.274209, 0, 791
31, 1544.740772, 0, 0
31, 749.709860, 693, 0
31, 682.419397, 16, 940
31, 1397.690805, 1216, 646
31, 1865.968744, 0, 0
31, 1429.656221, 1280, 0
32, 572.871385, 1280, 960
32, 790.967711, 1031, 960
32, 1132.552796, 586, 960
32, 1664.535109, 1280, 960
32, 607.474382, 919, 0
32, 49.400278, 0, 167
32, 509.761697, 605, 0
32, 1931.290421, 0, 960
32, 1114.513699, 0, 0
32, 2155.132640, 134, 0
32, 1619.977098, 1280, 0
32, 84.376586, 360, 137
32, 0.000000, 0, 0
32, 560.510402, 814, 263
32, 0.000000, 1280, 911
32, 776.676018, 0, 5
32, 2280.581368, 1005, 396
33, 0.000000, 1280, 0
33, 1242.232022, 490, 0
33, 0.000000, 0, 336
33, 98.647654, 723, 0
33, 0.000000, 1181, 960
33, 509.505018, 830, 960
33, 1396.310942, 758, 0
33, 1073.627245, 0, 0
33, 485.977201, 1280, 960
33, 0.000000, 0, 0
33, 1810.542798, 326, 960
33, 2686.856004, 565, 960
34, 1122.736008, 0, 439
34, 1188.234559, 1280, 960
34, 0.000000, 0, 960
34, 0.000000, 0, 841
34, 361.818806, 1280, 307
34, 2913.512765, 1280, 960
34, 0.000000, 163, 960
34, 90.940771, 298, 907
34, 3685.462900, 389, 131
35, 617.119311, 288, 904
35, 563.083918, 310, 0
35, 988.431345, 1280, 467
35, 0.000000, 1201, 651
35, 478.483518, 572, 587
35, 285.058824, 1280, 960
35, 1506.442684, 1280, 960
35, 1355.714522, 0, 74
35, 1486.023894, 828, 0
35, 3001.794810, 176, 0
35, 1025.311265, 281, 807
36, 89.218507, 0, 0
36, 0.000000, 1280, 0
36, 1756.468361, 1023, 125
36, 3801.565073, 443, 932
36, 4229.974917, 185, 0
36, 117.159446, 485, 960
36, 1138.825818, 0, 603
36, 1984.596262, 854, 79
36, 1468.285253, 1154, 0
36, 650.229968, 1280, 0
36, 1610.502525, 1029, 960
36, 3238.302830, 640, 769
36, 2412.940239, 686, 368
37, 186.083848, 553, 960
37, 0.000000, 0, 340
37, 0.000000, 1280, 960
37, 710.567892, 1280, 960
37, 122.344594, 1280, 960
37, 0.000000, 1280, 0
37, 0.000000, 1280, 0
37, 755.533642, 0, 0
37, 2161.880431, 296, 0
37, 0.000000, 0, 960
37, 3874.729232, 172, 0
38, 0.000000, 0, 884
38, 621.332486, 1280, 589
38, 1160.315111, 636, 960
38, 603.091254, 1280, 609
38, 632.008746, 0, 0
38, 0.000000, 1280, 0
38, 319.363970, 497, 0
38, 805.377982, 0, 444
38, 889.725539, 0, 0
38, 1941.362997, 95, 505
39, 0.000000, 0, 0
39, 104.121590, 0, 712
39, 1245.857378, 0, 960
39, 42.368808, 373, 633
39, 0.000000, 0, 0
39, 1646.259560, 1280, 0
39, 1202.569298, 1117, 0
39, 1666.554668, 1280, 960
40, 0.000000, 75, 960
40, 0.000000, 1076, 902
40, 0.000000, 1280, 938
40, 812.774197, 816, 0
40, 1005.042116, 232, 960
40, 1704.832284, 0, 586
40, 44.579685, 1280, 960
40, 0.000000, 1280, 0
40, 586.376272, 1280, 441
40, 844.153768, 22, 361
40, 378.663452, 114, 20
41, 0.000000, 1155, 960
41, 0.000000, 295, 960
41, 0.000000, 137, 32
41, 2265.980927, 248, 0
41, 0.000000, 298, 391
41, 1235.044219, 0, 384
41, 926.979342, 151, 480
41, 845.039508, 1280, 205
41, 0.000000, 1280, 112
41, 2695.047239, 1280, 746
41, 2013.537914, 0, 915
41, 1520.186104, 1280, 960
41, 1229.874884, 0, 960
42, 405.768949, 0, 200
42, 991.081973, 0, 623
42, 0.000000, 0, 881
42, 0.000000, 1252, 315
42, 937.413883, 653, 390
42, 267.162192, 292, 960
42, 1214.887745, 125, 497
42, 1605.684367, 1280, 68
42, 0.000000, 797, 267
42, 603.409088, 0, 0
42, 286.539254, 0, 960
43, 0.000000, 0, 238
43, 864.447769, 589, 960
43, 0.000000, 1280, 960
43, 107.906068, 141, 960
43, 0.000000, 1029, 960
43, 0.000000, 202, 307
43, 0.000000, 0, 960
43, 240.298303, 1280, 620
43, 0.000000, 0, 0
43, 2472.599050, 0, 12
43, 3559.663318, 1280, 960
44, 889.563814, 742, 960
44, 828.523924, 1280, 0
44, 0.000000, 360, 960
44, 131.403337, 0, 960
44, 1337.415122, 720, 0
44, 1888.355363, 1280, 0
44, 0.000000, 1186, 667
44, 1197.595081, 88, 563
44, 3320.669527, 661, 960
44, 2047.106596, 886, 22
44, 2372.923391, 1280, 509
44, 3535.720212, 1280, 211
45, 0.000000, 1280, 960
45, 1091.325885, 0, 0
45, 0.000000, 1280, 960
45, 119.667143, 1280, 0
45, 273.393575, 363, 0
45, 0.000000, 1015, 0
45, 0.000000, 543, 0
45, 1085.250769, 1280, 960
45, 2274.256967, 1280, 960
45, 1349.640946, 1280, 374
46, 0.000000, 995, 960
46, 587.028338, 0, 960
46, 622.305111, 65, 222
46, 0.000000, 1158, 923
46, 0.000000, 1067, 960
46, 2317.536649, 1097, 0
46, 2868.565270, 882, 141
46, 689.581562, 1280, 0
46, 2366.186798, 1008, 960
47, 0.000000, 0, 960
47, 0.000000, 920, 0
47, 0.000000, 1280, 351
47, 693.641272, 1132, 960
47, 437.455052, 346, 128
47, 2040.139184, 47, 0
47, 1457.131656, 0, 960
47, 85.603758, 960, 569
47, 1090.870272, 80, 0
47, 0.000000, 1280, 0
47, 1841.478162, 1033, 119
47, 2957.139904, 0, 960
48, 0.000000, 1052, 960
48, 0.000000, 1280, 310
48, 506.499579, 1280, 183
48, 0.000000, 1280, 32
48, 0.000000, 1280, 919
48, 0.000000, 0, 732
48, 1005.020290, 70, 406
48, 0.000000, 1139, 235
48, 0.000000, 1280, 960
48, 0.000000, 851, 0
48, 1584.575369, 0, 369
48, 711.307791, 0, 960
49, 330.115451, 1234, 960
49, 247.387721, 1020, 581
49, 572.830804, 0, 103
49, 884.778449, 1280, 529
49, 620.029976, 1280, 960
49, 1462.699928, 90, 960
49, 1856.867386, 673, 0
49, 360.953116, 933, 455
49, 0.000000, 0, 0
49, 1702.603071, 1280, 0
49, 2324.361219, 0, 960
50, 1132.061333, 0, 960
50, 570.894360, 70, 960
50, 0.000000, 0, 960
50, 0.000000, 234, 626
50, 1822.859451, 1280, 463
50, 58.881716, 1004, 960
50, 0.000000, 0, 960
50, 0.000000, 0, 960
50, 108.220698, 1044, 960
50, 377.972864, 0, 960
50, 0.000000, 1280, 0
50, 1751.779682, 948, 960
51, 1345.332681, 1280, 960
51, 242.080651, 0, 392
51, 0.000000, 568, 652
51, 0.000000, 1280, 859
51, 0.000000, 1280, 47
51, 0.000000, 1280, 130
51, 2195.880901, 1280, 138
51, 1937.886653, 814, 0
51, 0.000000, 1280, 334
51, 0.000000, 0, 407
51, 0.000000, 0, 960
51, 1475.042176, 1280, 960
52, 0.000000, 599, 404
52, 821.512894, 0, 0
52, 1722.490984, 0, 0
52, 0.000000, 0, 573
52, 722.995408, 331, 960
52, 1549.193239, 1139, 960
52, 0.000000, 588, 29
52, 1017.785249, 1070, 39
52, 1816.641570, 0, 960
52, 0.000000, 53, 0
52, 1901.731378, 25, 960
52, 2645.397315, 1280, 0
52, 2742.083691, 1280, 635
53, 1770.312464, 1280, 667
53, 448.710347, 774, 0
53, 191.115497, 0, 446
53, 0.000000, 1137, 960
53, 1569.096191, 883, 0
53, 24.442899, 478, 452
53, 0.000000, 480, 0
53, 1299.169738, 1075, 960
53, 0.000000, 1280, 960
53, 0.000000, 1280, 0
53, 0.000000, 1280, 259
53, 1146.841544, 442, 0
53, 413.625418, 1177, 352
53, 2046.239709, 1280, 389
54, 412.083422, 0, 0
54, 272.136496, 66, 960
54, 0.000000, 1280, 960
54, 1113.043911, 1196, 960
54, 0.000000, 598, 0
54, 27.821868, 0, 255
54, 1214.966942, 0, 960
54, 0.000000, 944, 515
54, 1731.619338, 168, 294
54, 0.000000, 1021, 960
54, 2219.190529, 375, 960
54, 669.059839, 1280, 960
55, 6.699675, 443, 909
55, 0.000000, 1280, 326
55, 366.924353, 307, 960
55, 918.299793, 0, 729
55, 3007.904951, 0, 0
55, 718.386577, 195, 220
55, 0.000000, 1280, 0
55, 0.000000, 1280, 867
55, 1582.509216, 897, 958
55, 1676.442340, 394, 0
55, 1924.326817, 0, 960
55, 1578.182845, 788, 960
55, 196.789909, 536, 960
56, 825.245648, 0, 0
56, 1991.519602, 138, 636
56, 521.891145, 1100, 465
56, 919.428558, 741, 172
56, 0.000000, 416, 0
56, 714.212714, 793, 960
56, 1436.415345, 210, 0
56, 2052.347180, 518, 31
56, 2775.357549, 1280, 656
56, 0.000000, 1166, 960
56, 1194.175771, 0, 0
56, 0.000000, 0, 960
57, 0.000000, 161, 0
57, 181.955866, 0, 0
57, 0.000000, 0, 0
57, 0.000000, 0, 960
57, 666.405010, 0, 960
57, 0.000000, 1280, 0
57, 559.066005, 626, 289
57, 1122.468794, 1280, 826
57, 2768.185860, 1273, 464
57, 0.000000, 367, 0
57, 1466.117219, 1280, 960
57, 2016.756179, 0, 691
58, 1108.017467, 1280, 0
58, 516.438846, 119, 745
58, 284.101090, 0, 831
58, 0.000000, 917, 553
58, 0.000000, 0, 136
58, 1149.346286, 0, 819
58, 0.000000, 0, 690
58, 338.099549, 1280, 380
58, 448.955453, 114, 960
58, 895.538076, 564, 960
58, 2350.461770, 1280, 0
59, 254.037583, 1280, 0
59, 747.249906, 1280, 408
59, 0.000000, 294, 960
59, 1085.068038, 0, 960
59, 350.156078, 1269, 146
59, 532.880236, 1276, 843
59, 0.000000, 0, 960
59, 738.312362, 798, 534
59, 0.000000, 0, 0
59, 0.000000, 1280, 0
59, 490.002029, 851, 0
59, 97.499695, 1280, 0
59, 2090.523159, 1280, 516
60, 0.000000, 687, 0
60, 0.000000, 1214, 0
60, 453.827654, 0, 569
60, 235.864596, 1280, 960
60, 2821.175704, 83, 960
60, 0.000000, 864, 960
60, 787.893291, 1280, 0
60, 0.000000, 1280, 465
60, 0.000000, 1280, 960
60, 0.000000, 1280, 624
60, 629.608713, 76, 434
60, 0.000000, 1280, 0
61, 0.000000, 1280, 960
61, 0.000000, 0, 960
61, 79.989123, 0, 960
61, 1541.018937, 0, 960
61, 0.000000, 0, 31
61, 452.742114, 0, 960
61, 906.992225, 0, 812
61, 36.843944, 0, 388
61, 0.000000, 88, 0
61, 551.258967, 0, 460
61, 0.000000, 0, 608
61, 0.000000, 131, 0
61, 1163.423066, 943, 586
62, 962.216794, 751, 960
62, 471.636134, 838, 960
62, 0.000000, 543, 0
62, 946.632177, 1280, 712
62, 1805.853484, 1280, 0
62, 2222.989441, 1280, 0
62, 545.394422, 726, 960
63, 1437.362080, 106, 960
63, 40.854507, 629, 733
63, 0.000000, 0, 960
63, 0.000000, 0, 960
63, 282.970950, 180, 960
63, 271.893008, 518, 960
63, 0.000000, 151, 960
63, 0.000000, 1280, 34
63, 2344.943893, 683, 62
63, 672.902545, 1280, 960
63, 205.361335, 631, 0
63, 0.000000, 107, 0
64, 145.455349, 0, 0
64, 2694.955878, 434, 0
64, 0.000000, 1280, 960
64, 163.283938, 0, 0
64, 0.000000, 347, 449
64, 0.000000, 597, 960
64, 0.000000, 0, 0
64, 0.000000, 1280, 960
64, 497.721622, 0, 960
64, 775.207964, 279, 960
64, 1850.676212, 636, 0
64, 1537.631923, 0, 0
65, 727.755911, 897, 0
65, 0.000000, 0, 0
65, 140.756804, 678, 960
65, 373.016316, 401, 0
65, 647.303316, 0, 0
65, 2630.258526, 71, 960
65, 391.423982, 677, 800
65, 146.920685, 1096, 0
65, 989.614195, 862, 960
65, 1570.946335, 66, 0
65, 953.846675, 0, 2
66, 1339.964314, 0, 0
66, 0.000000, 0, 778
66, 0.000000, 0, 960
66, 1242.936494, 1280, 0
66, 794.996474, 0, 960
66, 860.655396, 79, 149
66, 0.000000, 0, 18
66, 0.000000, 0, 298
66, 0.000000, 1280, 0
66, 45.958416, 0, 960
66, 894.498007, 560, 843
67, 1324.004684, 778, 960
67, 0.000000, 1280, 960
67, 1179.730245, 1280, 0
67, 97.142147, 0, 960
67, 0.000000, 1280, 0
67, 1784.623479, 0, 960
67, 64.417265, 1280, 547
67, 1547.424904, 836, 960
67, 3548.529530, 1033, 960
67, 1341.658300, 930, 960
67, 938.383630, 1280, 376
67, 108.038061, 1280, 0
67, 1568.120319, 1112, 630
68, 0.000000, 1057, 0
68, 0.000000, 482, 960
68, 1431.844090, 1280, 554
68, 654.685295, 1229, 0
68, 2229.670655, 946, 314
68, 28.402828, 427, 300
68, 0.000000, 0, 0
68, 0.000000, 940, 960
68, 692.991182, 0, 496
68, 0.000000, 0, 960
69, 1408.841195, 0, 960
69, 113.245046, 0, 960
69, 0.000000, 1064, 0
69, 0.000000, 894, 801
69, 0.000000, 1280, 960
69, 348.036762, 0, 0
69, 1078.710825, 1280, 0
69, 755.308384, 1146, 960
69, 555.405534, 1280, 272
69, 65.950590, 0, 0
69, 700.583890, 1280, 960
69, 1381.643629, 932, 960
70, 43.058918, 824, 960
70, 0.000000, 0, 960
70, 0.000000, 604, 960
70, 1242.976173, 1280, 960
70, 746.390084, 0, 59
70, 0.000000, 835, 960
70, 65.268189, 833, 960
70, 1152.394969, 0, 213
70, 1746.853090, 675, 73
70, 0.000000, 0, 960
70, 1534.966452, 0, 827
70, 1532.424606, 491, 184
70, 667.836979, 1280, 817
70, 1357.306894, 676, 0
70, 2477.086565, 385, 960
71, 16.089995, 1161, 0
71, 1210.091404, 0, 0
71, 0.000000, 270, 871
71, 0.000000, 0, 0
71, 0.000000, 1264, 584
71, 1671.563262, 1280, 233
71, 3236.374662, 12, 675
71, 0.000000, 0, 486
71, 0.000000, 1280, 960
71, 0.000000, 1280, 0
71, 1614.578683, 393, 960
71, 531.545086, 1280, 0
71, 1784.398538, 1280, 0
72, 1087.039576, 455, 915
72, 80.093947, 1280, 0
72, 0.000000, 0, 0
72, 0.000000, 445, 960
72, 0.000000, 1280, 960
72, 580.070286, 0, 493
72, 1745.491866, 0, 312
72, 613.804890, 1280, 0
72, 760.102766, 12, 0
72, 0.000000, 1280, 960
72, 522.986559, 0, 960
72, 1417.243326, 1280, 960
73, 1554.245375, 1280, 0
73, 0.000000, 1280, 0
73, 1331.887101, 1280, 859
73, 1001.947590, 1280, 460
73, 304.090103, 1280, 400
73, 1364.300446, 323, 0
73, 1695.749471, 1096, 0
73, 2884.702585, 914, 960
73, 699.314605, 1280, 960
73, 1353.461544, 0, 960
73, 1969.908372, 315, 960
74, 0.000000, 1280, 100
74, 57.875438, 6, 0
74, 1098.867315, 366, 960
74, 0.000000, 0, 960
74, 0.000000, 1280, 960
74, 0.000000, 0, 0
74, 673.607359, 1280, 371
74, 1315.197699, 1280, 0
74, 1793.408484, 1280, 0
74, 0.000000, 0, 479
74, 1871.650568, 383, 901
74, 51.398271, 540, 795
75, 936.214349, 0, 466
75, 941.397209, 0, 484
75, 685.040217, 1152, 0
75, 373.000089, 0, 269
75, 0.000000, 559, 960
75, 0.000000, 10, 0
75, 21.116349, 0, 960
75, 1024.701990, 1280, 741
75, 203.842724, 1280, 960
75, 964.335330, 0, 729
75, 693.284860, 0, 960
75, 0.000000, 750, 960
75, 954.130876, 1280, 960
76, 865.135355, 1280, 960
76, 1241.434029, 0, 188
76, 0.000000, 1054, 449
76, 523.369443, 1280, 960
76, 57.358708, 274, 0
76, 428.675360, 220, 0
76, 2307.476615, 1280, 0
76, 0.000000, 1271, 579
76, 0.000000, 0, 371
76, 99.938079, 0, 960
77, 330.416196, 1280, 960
77, 250.235579, 5, 960
77, 0.000000, 0, 0
77, 831.094709, 886, 960
77, 690.607372, 1280, 523
77, 1870.974509, 141, 0
77, 147.852557, 1163, 960
77, 539.948039, 1280, 0
77, 6.493077, 1193, 960
77, 1986.643751, 1280, 0
78, 0.000000, 0, 960
78, 0.000000, 594, 960
78, 1000.330464, 646, 131
78, 1453.244952, 498, 644
78, 0.000000, 911, 960
78, 426.279300, 1280, 960
78, 1266.614911, 940, 960
78, 201.482862, 1280, 0
78, 0.000000, 1280, 960
79, 797.989251, 0, 960
79, 0.000000, 821, 934
79, 72.417807, 0, 522
79, 1364.250858, 0, 0
79, 2085.406837, 399, 0
79, 0.000000, 846, 243
79, 0.000000, 610, 960
79, 0.000000, 0, 164
79, 1630.591330, 321, 498
79, 651.682101, 954, 215
79, 1511.911436, 618, 960
79, 242.810834, 0, 490
79, 812.061832, 0, 0
80, 0.000000, 0, 0
80, 626.703498, 0, 960
80, 1016.451912, 1280, 960
80, 0.000000, 462, 289
80, 715.447182, 1208, 921
80, 0.000000, 311, 960
80, 3864.247689, 1280, 759
80, 1100.188114, 382, 960
80, 938.704811, 283, 0
80, 936.252445, 0, 689
80, 2192.624345, 0, 960
81, 573.665880, 897, 888
81, 0.000000, 0, 0
81, 0.000000, 1248, 960
81, 0.000000, 1280, 0
81, 2187.413430, 0, 0
81, 248.464588, 897, 960
81, 256.882229, 667, 0
81, 624.904768, 554, 0
81, 104.030091, 466, 960
81, 1145.914803, 1280, 112
82, 9.409834, 1280, 0
82, 0.000000, 1280, 0
82, 509.838209, 1280, 960
82, 414.438114, 1280, 116
82, 42.114654, 1280, 960
82, 624.867127, 0, 0
82, 1317.310532, 931, 960
82, 1205.928777, 309, 292
82, 1013.079082, 1280, 300
82, 2844.777117, 1280, 960
83, 0.000000, 605, 855
83, 0.000000, 6, 960
83, 1975.022070, 0, 960
83, 0.000000, 0, 319
83, 756.799189, 0, 755
83, 0.000000, 0, 245
83, 0.000000, 1280, 0
83, 505.878622, 0, 960
83, 0.000000, 1280, 247
83, 0.000000, 1280, 960
83, 0.000000, 833, 0
83, 211.757757, 365, 960
83, 6.098082, 1245, 960
83, 316.967225, 584, 0
84, 432.938351, 208, 544
84, 0.000000, 840, 915
84, 0.000000, 0, 960
84, 927.462143, 1213, 0
84, 519.240277, 0, 960
84, 1078.319108, 1280, 960
84, 0.000000, 608, 739
84, 29.775365, 1280, 771
84, 0.000000, 1280, 589
85, 0.000000, 1280, 0
85, 363.768686, 0, 0
85, 0.000000, 0, 0
85, 0.000000, 0, 960
85, 0.000000, 266, 458
85, 0.000000, 1109, 139
85, 1060.007432, 192, 763
85, 0.000000, 0, 686
85, 1623.920919, 1280, 0
85, 1797.657488, 998, 960
86, 0.000000, 710, 0
86, 1100.484835, 0, 0
86, 1446.291859, 573, 509
86, 1024.183326, 0, 0
86, 0.000000, 890, 828
86, 0.000000, 1280, 360
86, 1137.660205, 1280, 9
86, 0.000000, 814, 0
86, 1392.436951, 1280, 0
86, 940.457916, 1066, 960
86, 459.847536, 607, 409
87, 0.000000, 1280, 960
87, 178.113981, 0, 348
87, 382.984432, 565, 209
87, 1163.413022, 1280, 573
87, 0.000000, 713, 960
87, 0.000000, 1280, 54
87, 1029.042334, 1280, 960
87, 227.737146, 0, 606
87, 655.252007, 486, 227
87, 628.550716, 1280, 960
87, 185.438342, 115, 585
87, 519.059584, 342, 705
87, 0.000000, 402, 548
87, 0.000000, 193, 960
88, 462.066421, 121, 0
88, 1866.717595, 161, 960
88, 1905.976881, 547, 242
88, 947.629416, 1280, 0
88, 0.000000, 0, 960
88, 331.615117, 970, 0
88, 0.000000, 0, 264
89, 0.000000, 722, 268
89, 0.000000, 10, 597
89, 615.926587, 1075, 543
89, 204.492679, 1280, 960
89, 669.169682, 1280, 960
89, 0.000000, 1280, 960
89, 70.498914, 1095, 910
89, 2704.014540, 1280, 960
89, 1676.937577, 894, 0
89, 2254.169267, 1142, 885
89, 2562.652991, 434, 0
90, 921.711847, 1280, 383
90, 0.000000, 269, 0
90, 2993.438380, 0, 0
90, 2377.100758, 1113, 960
90, 1784.179458, 157, 555
90, 0.000000, 0, 960
90, 0.000000, 1280, 0
90, 1869.240345, 1280, 437
90, 2616.848996, 1280, 960
90, 879.050709, 1280, 713
90, 107.885563, 920, 0
90, 0.000000, 722, 0
91, 600.670060, 1280, 624
91, 776.922928, 433, 0
91, 974.041856, 0, 599
91, 0.000000, 1189, 960
91, 0.000000, 1280, 0
91, 462.963856, 767, 103
91, 2371.621035, 1216, 0
91, 0.000000, 1191, 899
91, 0.000000, 0, 960
91, 2010.122264, 192, 960
91, 796.168784, 0, 183
91, 418.002957, 1280, 0
92, 0.000000, 0, 431
92, 0.000000, 0, 0
92, 0.000000, 1280, 960
92, 0.000000, 671, 412
92, 179.391721, 1247, 636
92, 751.886098, 0, 0
92, 948.344110, 663, 871
92, 0.000000, 0, 0
92, 0.000000, 0, 236
92, 1936.130104, 1280, 242
92, 20.973892, 793, 960
93, 0.000000, 309, 0
93, 774.662567, 0, 0
93, 958.395640, 595, 263
93, 0.000000, 1280, 960
93, 723.765470, 903, 0
93, 0.000000, 0, 0
93, 0.000000, 1280, 960
93, 490.658527, 1280, 960
93, 902.490597, 1280, 0
93, 0.000000, 0, 0
93, 1683.704518, 881, 960
93, 1061.277475, 0, 0
94, 211.607890, 0, 0
94, 1544.424169, 1280, 0
94, 792.861045, 1280, 140
94, 1245.034335, 0, 960
94, 1559.435023, 0, 820
94, 85.156597, 428, 266
94, 1058.639504, 0, 0
94, 0.000000, 504, 960
95, 130.963263, 1280, 684
95, 0.000000, 261, 0
95, 799.864437, 0, 0
95, 649.802387, 0, 249
95, 829.449950, 0, 960
95, 1956.349322, 1280, 944
95, 0.000000, 568, 960
95, 359.599021, 336, 209
95, 313.689795, 654, 960
95, 666.186725, 0, 284
95, 168.635445, 0, 0
95, 0.000000, 1280, 959
95, 2043.525157, 970, 960
96, 555.018630, 750, 960
96, 650.134690, 393, 960
96, 967.296422, 994, 960
96, 0.000000, 1280, 960
96, 0.000000, 748, 750
96, 1383.479800, 1083, 0
96, 104.026333, 1280, 959
96, 0.000000, 543, 746
96, 900.415840, 73, 960
96, 0.000000, 1280, 960
97, 0.000000, 0, 393
97, 686.177652, 0, 508
97, 0.000000, 33, 764
97, 1145.614262, 0, 945
97, 97.505366, 988, 0
97, 289.682281, 1280, 886
97, 0.000000, 1280, 960
97, 954.974275, 1280, 960
97, 999.434146, 1280, 960
97, 416.133456, 603, 960
97, 872.537834, 0, 0
97, 0.000000, 431, 443
97, 993.176134, 372, 960
98, 1787.579094, 0, 960
98, 2445.341386, 0, 960
98, 750.586893, 0, 960
98, 0.000000, 1280, 0
98, 559.884633, 336, 676
98, 1215.536659, 1280, 960
98, 213.216039, 928, 0
98, 348.586446, 0, 469
98, 429.044737, 913, 0
98, 548.284133, 720, 194
98, 2835.057228, 844, 0
99, 190.103344, 532, 374
99, 304.936613, 0, 625
99, 919.833956, 0, 0
99, 1998.921499, 273, 960
99, 702.367824, 1186, 0
99, 2240.101284, 679, 0
99, 0.000000, 614, 0
99, 0.000000, 1155, 960
99, 619.193232, 0, 0
99, 1865.183163, 511, 960
99, 595.113198, 0, 960
99, 1284.014917, 1280, 0
