0, aZaZaZaZaZaZaZaZaZaZaZaZaZaZaZaZaZaZaZaZaZaZyNmZaZaZaZaZaZaZaZaZaZaZaZaZaZaZtAaZaZaZaZaZaZaZaZaCaAjZjZjZjZjZjZjZjZjZjZjZjZjZjZjZjZjZjZjZjZjZaA
1, aZaZaZaZaZaZaZaZaZaZaZaZaZaZaZaZaZaZvZvZvZvZvZvZvZvZvZvZvZvZvZaCaCaCaCaCaCaCaCaCaCaCaCaCaCaCaCaCaCaCaCaCaCzAzAzAzAzAzAzAzAzAzAzAzAzAzAzAzAzAzAzAzAzAzAzAzAzAzAzAqUaZnZnZnZnZnZnZnZnZnZnZnZnZnZnZnZnZnZnZnZnZnZnZkQkQkQkQkQkQkQkQkQkQkQkQkQkQkQkQkQkQkQzZzZ
2, zKzIzIzIzIzIzIzIzIzIzIzIzIzIzIzIzIzIzImAzZzZzZzZzZzZzZzZzZzZzZzZzZzZzZzZzZzZzZzZzZxZxZxZxZxZxZxZxZxZxZxZxZxZxZoAoAzAzAzAzAzAzAzAzAzAzAzAzAzAzAzAzAzAzAzAzAzAzZ
3, zCzCzCzCzCzClZlZlZlZlZlZlZlZlZlZlZlZlZlZlZlZlZlZlZlZlZlZpApApApApApApApApAaHvAvAvAvAvAvAvAvAvAzPzPzPzPzPzPzPzPzPzPzPzPzPzPzPzPzPzPzPzPzPzPzPzPzPzPzPzPzPzPzPzPzPzPzPzPzPaAaAaAaAaAaAaAaAaAaAaAaAaAaAaAaAaAaAaAaAaAaAaAaAaAaAaAaAaAaAaAaAaAaAaAaAaAaAaAaAzAzAzAzAzAzAzAzAzAzAzAzAzAaZqZ
4, zAzAzHzHzHzHzHzHzHzHzHzHzHzHzHzHzHzHzHzHzHzHzHzHzHzHzHzHzHzHzHzHaAaAaAaAaAaAaAaAaAaAaAaAaAaAaAaAaAaAaAaAaAaAaAaAaAaAaAaAaAaAaAaAaAaAaAaAaAhZaZaZaZaZaZaZaZaZaZaZiOiOiOiOiOiOiOiOiOiOiObAbAbAbAbAbAbAbAbAbAbAbAbAbAbAbAaAaAaAaAaAaAaAaAaAaAaAaAaAaAaAaAaAaAaAaAaAaAaAzAzAzAzAzAzAzAzAzAzAzAzAzAzAzAzAzAzAzAaAaAaAaAaAaAaAaAzAzAzAzAzAzAzAzAzAzAzAzAzAzAzAzAzAzAzAzAaZaZaZaZaZaZaZaZ
5, aLaAaAaAaAaAaAaAaAaAaAaAaAaAaAaAaAaAaAaAaAaAaAaAaAaAaAaAaAaAaAaAaAaAaAaAaAaAgAgAgAgAgAgAgAgAgAaAaAaAaAaAaAaAaAaAaAaAaAaAaAaAaZzZzUzUzUzUzUzUzUzUzUzUzUzUzUzUzUzUzUzUzAzAzAzAzAzAzAzAzAzAzAzAzAzAzAzAzAzAzAzAzAzAzAzAzAzAzAzAaAaAaAaAaAaAaAaAaAaAaAaAaAaAaAaAaAaAaAaA
6, zZaZaZaZaZaZaZaZaZoYoYoYoYoYoYoYoYoYoYoYoYoYoYoYoYoYoYoYoYoYoYoYoYoYoYoYaZaZaZaZaZaZaZaZaZaZaZaZaZaZaZaZaZaZaZwAzBzBzBzBzBzBzBzBzBzBzBzBzBzBzBzBzAzAzAzAzAzAzAzAzAzAzAzAzAzAzAzAzAzAzAzAzAzAzAzAzAzAzAzAzAzAzAzAzAwZwZwZwZwZwZwZwZzZzZzZzZzZzZzZzZzZzZzZzZzZaZaZaZaZaZaZaZaZaZaZaZaZaZaZaZaZaZaZaZaZaZaZpZpZpZpZpZpZpZpZpZpZpZpZpZpZpZpZpZpZaA
7, sAsAsAsAsAsAsAsAsAsAsAsAsAsAsAsAzAlAzAzAzAzAzAzAzAzAzAzAzAzAzAzAzAzAzAzAzAzAzAzAzAzAaXaXaXaXaXaXaXaXaXaXaXaXaXaXaXaXaXaXaXaXaXaXaXaXaXaXaXaXaXaXaXaXaXaXaXaXaXaXaXaXaXaXaXaXaXaXaXaXaXaXaXaAwZmZmZmZmZmZmZmZmZmZzAzAzAzAzAzAzAzAaZaZaAaAaAaAaAaAaAaAaAaAaAaAaAaAaAaAaAaAaAaAaAaAaAaAaAaAaAaAaArYrYrYrYrYrYrYrYrYrYrYrYrYrYrYrYrYrYrYrYaAaAaAaAaAaAaAaAaAaAaAaAaAaAaAaAaAaAaAaAaAaAaAaAaAaAaAaAaAaAaAaAaAaE
8, pZpZpZpZpZpZaAaAyAiZzZzZzZzZzZzZzZzZzZzZzZzZzZzZzZzZzZzZzZzZzZzZzZzZzZzZzZzZzZzZzZaAaAaAaAaAaAaAaAaAaAaAaAaAaAaAaAaAaAaAaAaAaAaAaAaAaAaAaAaAaAaAaAaAaAaAaAaAaAaAaAaAaAaAaAaAaAaAzAzAzAzAzAzAzAzAzAzAzAzAzAzAzAzAzAzAzAzAzAzAzAzAzAzAzAzAzAzAzAzAzAzAzAzAzAzAzAzAzAzAzAzAzAzAzAzAzAzAzAoOoOoOoOoOoOoOoOoOaA
9, aDaDaDaDaDaDaDaDaDaDaDaDaDaDaDaDaDaDaDaDaDaDaDaDaZaZaZaZaZaZaZaZaZaZaZaZaZaZaZaZaZaZaZaZaZaZaZzAaZaZaZaZaZaZaZaZaZaZaZaZaZaZaZaZaZaZaZaZaZaZaZaZaZaZrBrBrBrBrBrBrBrBrBrBzAzAzAzAzAzAzAzAzAzAzAzAzZzZzZzZzZzZzZzZzZzZzZzZzZzZzZzZuZaAaAaAaAaAaAaAaAaAaAaAaAaAaAaAaAaAaAaAaAaAaAaAaAaAaAaAaAaAaAaAaAaAaAaAaAaAaAaAaAaAaAiAiAiAiAiAiAiAiAiAiAiAiAiAiAiAiAiAiAiAiAiAiAiAiAiAiAiAiAiAiAiAiAiAiAiAiAiAiAiAiAiAiAiAiAiAiAiAiAiAiAiAaK
10, aAaAaAaAaAaAaAaAgZnAnAnAnAnAnAnAnAnAnAnAnAnAnAnAnAnAnAnAnAnAnAnAnAnAnAnAkZkZkZkZkZkZkZkZkZkZkZkZkZkZkZkZkZkZkZkZkZkZkZkZaAaAaAaAaAaAaAaAaAaAaAaAaAaAaAaAaAaAaAaAaAaAaAaAaAaAaAaAaAaAaAaAaAaAaAaAaAaAaAaAaAaAaAaAaAaUaUaUaUaUaUaUpZvAvAvAvAvAvAvAvAvAvAvAaWeAeAeAeAeAeAeAeAeAeAeAeAeAeAeApAzDzDzDzDaZaZaZaZaZkZzZzZzZzZzZzZzZzZzZzZzZzZzZzZzZzZzZzZzZzZzZzZzZzZzZzZzZzZzZzZzZzZzZzZzZzZzZzZkAkAkAkAkAkAkAkAkAkAkAkAkAkAkAkAkAkAkAkAkAkAkAkAkAkAkAkAkAkAkAkAkAkAkAkAkAkAkAkAkAkAkAkAkAkAkAkAaA
11, zZaZzZzZzZzZzZzZzZzZzZzZzZzZzZzZzZzZzZzZzZzZzZzZzZzZzZzZyAzZzUzUzUzUzUzUzUzUzAzAzAzAzAzAzAzAzAzAzAzAzAzAzAzAzAzAzAzAzAzAzAzAzAzAzAzAzAzAzAzAzAzAzAaZ
12, bZbZbZbZbZbZbZbZbZbZbZbZbZbZbZzAzAzAzAzAzAzAzAzAzAzAzAzAzAzAzAzAzAzAzAzAzAzAzAzAzAzAzAzAzAzAzAzAzAzSzSzSzSzSzSzSzSzSzSzSzSzSzSzSzSaZaAaAzZzZzZaZtZtZtZtZtZtZtZtZtZtZtZtZtZtZtZtZzKrAaAlZ
13, rArArArArArArArArArArArArArArArArArArArArArArArArArArArArArArArArArArAzZzAzAaUaUaUaUaUaUaUaUaAaAaAaAaAaAaAzAzAzAzAzAzAzAzAzAzAzAzAzAzAzAzAzWaAaZaZaZaZaZaZaZaZaZaZaZaZzNzNzNzNzNzNzNzNzNzNzNzNzNzNzNzNzNzNzNzNzNzNzNzNzNzNzNzNzNzNzNzNzNzNzNzNzNzNzNzNzNzNzNzNzNzNzNaZ
14, aZaZaZaZaZaZaZaZaZaZaZaZaZaZaZaZaZaZaZaZaZaZaZaZaZaZaZaZaZjAjAjAjAjAjAaZaZaZaZaZaZaZaZaZzZzZzZzZzZzZzZzZzZzZzZzZzZzZzZzZzZdZdZdZdZdZdZdZdZdZdZdZdZdZdZdZdZdZdZdZdZdZcCcCcCcCcCcCcCcCcCcCcZ
15, zAzAzAzAzAzAzAzAzAzAzAzAzAzAzAzAzAzAzAzAzAzAzAzAzAzAzAzAzAzAzAzAzAzAzAzAzAzAzAcZaAaAaAaAaAaAaAaAaAaAaAaAaAaAaAaZaZzAzAzAzAzAzAzAaAaAaAaAaAaAaAaAaAaAaAaAzZ
16, aAaZzAzAtZtZtZtZtZtZtZtZtZtZaZaZaZaZaZaZaZaZaZaZaZaZaZaZaZaZaZaZaZaZaZaZaZaZaZaZaZaZaZaZaZaZaZaZaZaZaZaZaZaZaZaZaZaZaZaZaZaZaZaZaZaZaZaZaZaZaZsNsNaAaAaAaAaAaAaAaAaAaAaAaAaAaAaAaAaAaAzZzZzZzZzZzZzZzZzZzZzZzZzZzZzZzZzZzZzZzZzZzZzZzZzZzZzZzZzZzZzZzZzZzZzZzZzZzZzZzZaAaAaAaAaAaAaAaAaAaAaAaAaAaAaAaAaAaAaAaAaAaAaAaAaAaZaZaZaZaZaZaZaZaZaZaZaZaZaZaZaZaZaZaZaZaZaZaZaZaZaZaZaZaZaZaZaZaZaZaZaZaZaZpZ
17, zZzZzZzZzZzZzZzZzZzZzZzZzZaZaZaZaZaZaZaZaZaZaZaZaZaZaZaZaZaZaZaZaZaZaZaZaZaZaZaZaZaZaZaZaZaZaZzAzAzAzAzAzAzAzAzAzAzAzAzAzAzAzZzZzZzZzZzAzAzAzAzAjAjAjAjAaAaAaAaAaAaAaAaAaAaAaAaAaAaAaAaAaAaAaAaAaAaAaAaAaAaAaJaJaJaJaJaJaJaJaJaJaJaJaJaJaJaJaJaJaJaJaJaJaJaJaJaJaJaJaJaJaJaJaJaJaJaJaZaZaZaZaZaZaZaZaZaZaZaZaZaZaZaZaZaZaZaZaZaZaZaZaZaZaZaZaZaZaZaZaZaZaZaZaZaKaKaKaKaKaKaKaKaKaKaKaKaKaKaKaKaZ
18, aAaAaAaAaAaAaAaAaAaAaAaAaAhAhAhAhAhAhAhAhAhAhAhAhAhAhAhAzAzAzAzAzAzAzAzAzAzAzAzAzAzAzAzAzAzAzAzDaAzZzAzZzZzZzZzZzZzZzZzZzZzZzZzZzZzZzZzZzZzZzZzZzZzZzZzZzZzZzZzZzZzZzZzZzZzZzZzZzZzZzZzZzZzZaZ
19, lZlZlZlZlZlZlZlZlZlZlZlZlZlZlZlZlZaAaAaAaAaAaAaAaAaAaAaAaAaAaAaAaApIpIpIpIpIpIpIpIpIpIpIpIpIpIpIzAzAzAzAzAzAzAzAzAzAzAzAzAzAzAzAzAaAaAaAaAaAaAaAaAaAaAaAaAaAaAaAaAaAaAaAaAaAaAaA
20, aZaZaZaZaZaZaZzYzZzZzZzZzZzZzZzZzZzZzZzZzZzZzZzZzZzZzZzZzZzZzZzZzZzZzZzZzZzZzZzZzZzZzZzZzZzZzZzZlAlAaZaAaAaAaAaAaAaAaAaAaAaAaAaAaAaAaAmZmZmZmZmZmZmZmZmZmZmZmZmZmZmZmZmZmZmZmZmZmZmZmZmZmZmZmZmZmZmZmZmZzAaZaZaA
21, gZgZgZgZgZgZgZgZgZgZgZgZgZgZgZgZgZgZgZgZgZgZgZgZgZgZgZgZgZgZgZaZaZaZaZaZaZaZaZaZaZaZaZaZaZaZaZaZaZaZaZaZaZaZaZaZaZaZaZaZiZiZiZiZiZiZiZiZiZiZiZiZkAkAkAkAkAkAkAkAkAkAkAkAkAzAzAzAzAzAzAzAzAzAzAzAzAzAzWcZaAaAaAaAaAaAaAaAaAaAaAaAaAaAaAaAaAaAaAaAaAaAaAaAaAaAaAaAaAaAaAaAaAaAaAzZ
22, aLaLaLaLaLaLaLaLaLaLaLaLaLaLaLaLaLaLaLaLsAsAsAsAsAsAsAsAsAsAsAsAsAsAsAsAsAsAsAsAsAsAsAsAsAsAaAaAaAaAaAaAaAaAaAaAaAaAaAaAaAaAaAaAaAaAaAaAaAaAaAaAaAaAaAaAaAaAaAaAaAaAaAaAaAaAaAaAaAnAnAnAnAnAnAnAnAnAnAaZaZaZaZaZaZaZaZaZaZaZaZaZaZaZaZaZaZaZaZaZaZaZaZaZaZaZaZaZaZaZaZaZaZaZaZaZaZaZaZaZaZaZdAdAdAdAdAdAdAdAdAdAdAdAdAdAdAdAdAdAdAdAdAdAdAdAdAdAdAdAdAdAdAdAaOaOaOaOaOaOaOaOaOaOaOaOaOaOaOaOaOaOaOaOaOaOaOaOaOtF
23, uZpAhAhAhAhAhAhAhAhAhAhAhAhAhAhAhAhAhAaZaZaZaZaZaZaZaZaZaZaZaZaEaAaAaAaAaAaAaAaAaAaAaAaAaAaAaAaAaAaAaAaAaAaAaAaAaAaAaAaAaAaAaAaAzZaAaAaAaAaAaAaAaAaAaAaAaAaAaAaAaAaAaAaAaAaAaAaAaAaAaAaAaAaAaAaAaAzK
24, aMaMaMaMaMaMaMaMaMaMaMaMaMpZaZaZaZaZaZaZaZaZaZaZaZaZaZaZaZaZaZaZaAaAaAaAaAaAaAaAaAaAaAaAaAaAaAaAaAaAaAaAaAaAaAaAaAaAaAzHzHzHzHzHzHzHzHzHzHzHzHzHzHzHzHzHzHzHzHzHzHzHzHzHzHzHzHzHzHzHzHzHzHzHaAaAaAaAaAaAaAaAaAaAaAaAaAaAaAaAzUzUzUzUzUzUzUzUzUzUzUzUzUzUzUzUzUzUzUzUzUzUzUzUzUzUzUzUzUzUzUlZ
25, zLpJaZaZaZaZaZaZaZaZaZaZzAzAzAzAzAzAzAzAzAzAzAzAzAzAzAzAzAzAzAsAzZmAaZaZaZaZaZaZaZaZaZaZaZaZaZaZaZaZaZaZaZaZaZaZaZaZaZaZaZaZnAnAnAnAnAnAnAnAzZzZzZzZzZzZzZzZzZzZzZzZzH
26, aNaNaNaNaNaNaNaNaNaNaNaNaNaNaNaNaNaNaNaNaNaNaNaNaNaNaNaNaNaNaNzZzSzZzZzZzZzZzZzZzZzNzNzNzNzNzNzNzNzNzNzNzNzNzNzNzNzNzNzNzNzNzNzNzNzNzNzNzNzNzNzNzNzNzNzNzNzNzNaAaAaAaAaAzZaYaYaYaYaYaZaZaZaZaZaZaZaZaZaZaZaZaZaZaZaZaZaZaZaZaZaZaZaZaZaZaZoA
27, zAaZaZwJaMaMaMaMaMaMaMaMaMaMaMaMzZaAnAnAnAnAnAnAnAnAnAnAnAnAnAnAnAnAnAnAnAnAnAnAnAnAnAnAnAnAnAnAnAnAnAnAnAnAnAnAnAnAnAnAnAnAnAnAnAnAnAnAnAaZaZaZaZaZaZaZaZaZaZaZaZaZaZaZaZaZaZaZaZaZaZaZaZaZaZaZaZaZaZaZaZaZaZaZpApApApApApApApApApApApApApApApApApApApApApApApApApApApApApApApApApApApApApApApApApApApApApApApAjAjAjAjAjAjAjAjAjAjAjAaAaAaAaAaAaAaAaAaAaAaAaAaAaAaAaAaAaAaAaAaAaAaAaAaAaAaAaAaAaAaAaAzZ
28, zAzAzAzAzAzAzAzAzAzAzAzAzAzAzAzAzAzAzAzAzAzAzAzAzAzAzAzAzAzAzAzAzAzAzAzAzAzAzAzAzAzAzAzAzAzAzAzAzAzAzAzAzAaZqAqAqAqAqAqAqAqAqAqAqAqAqAqAqAqAqAqAqAqAqAqAqAqAqAqAqAqAqAqAqAqAgZgZgZgZaZaZaZaZaZaZaZaZaZaZaZaZaZaZaZaZaZaZaZaZaZaZaZaZaZwAwAwAwAwAwAwAwAwAwAwAwAwAwAwAwAwAwAwAaZuAzLzLzLzLzLzLzLzLzLzLzLzLzLzLzLzLzLzLzLzLzLzLzLzLzAzAzAzAzAzAzAzAzAzAzAzAzAzAzAzAzAzAzAzAzAzAzAzAsZsZsZsZsZsZsZsZsZsZsZsZsZsZsZsZsZsZsZsZsZsZsZsZsZsZsZsZsZsZsZsZsZsZsZsZsZsZsZsZsZsZsZsZsZsZsZsZsZsZaZaZaZaZaZaZaZaZaZaZaZaZaZaZaZaZaZaZaZaZaZaZaZaZaZaZaZaZaZaZaZaZaZaZaZaZaZaZaZaZaZaZaZ
29, aVaVaVfZfZfZfZfZfZfZaAaGzZzZzZzZzZzZzZzZzZzZzAaAaAaAaAaAaAaAaAaAaAaAaAaAaAaAaAaAaAaAaAaAaAaAaAaAaAaAaAaAaZaZaZaZaZaZaZaZaZaZaZaZaZaZaZaZaZaZaZaZaZaZaZaZaZaZaZaZaZzAzAzAzAzAbZbZbZbZbZbZbZbZbZbZbZbZbZbZbZbZbZbZbZaA
30, zIzIzIzIzIzIzIzIzIzIzIzIzIzIzIzIzIzIzIzIzIzIzIzIzIzIzIzIzIzIzIzIzIzIzIzIzIzIzIzIzIzIzIzIzIzIzIzIzIzZnJnJnJnJnJnJnJnJnJnJnJnJnJnJnJnJnJnJnJnJnJnJnJnJnJzAaAaAaAaAaAqAzZzZzZzZzZzAzAzAzAzAzAzAzAzAzAzAzAzAzAzAzAzAzAzAzAzAzAzAzAzAzAzAzAzAzAaRaRaRaRaRaRaRaRaRaRaRaRzK
31, zZaAaAaAaAaAaAaAaAaAaAaAaAaZaZaZaZaZaZaZaZaZwZwZwZwZwZwZwZwZwZwZwZwZwZwZwZwZwZwZwZzZzZzZzZzZzZzZzZzZsAsAsAsAsAsAsAsAsAsAsAsAsAsAsAsAsAsAsAsAsAsAsAsAsAsAsAsAsAsAsAsAsAsAsAsAsAsAsAsAsAaAaAaAaAaAaAaAaAaAaAaAaAaAaAaAaAaAaAaAaAaAaAaAaAaAaKaKaKaKaKaKaKnZ
32, aAaAaAaAaAaAaAaAaAaAaAaAaAaAaAaAaAaAaAaAaAaAaAaAaAaAaAaAnTeNeNeNeNeNeNeNeNeNeNeNeNeNeNeNeNeNeNeNeNeNeNeNeNeNeNbAbAbAbAbAbAbAbAbAbAbAbAbAbAbAbAbAbAbAbAbAbAbAbAbAbAbAbAaAaAaAaAaAaAaAaAaAaAaAaAaAaAaAqZaZzAzAzAzAzAzAzAzAzAzAzAzAzAzAzAzAzAzAzAzAzAzAzAzAzAzAzAzAzAzAzAzAzAzAzAzAzAzAzAzAzAzAzAzAzAzZ
33, aOaOaOaOaOaOaOaOaOaOaOaOaOaOaOaOaOaOaOaOaOaOaOaOaOaOaOaOaOaOaOaOaOaOaOaOaOaOaOaOaOaOaOaOaOaOaOaOaOaOaOaZaZaZaZaZaZaZaZaZaZaZaZaZaZaZaZaZaZaZaZaZaZaZaZaZaZaZaZaZaZaZaZaZaZaZaZaZaZaZaZaZaZaZaZaZdZdZdZdZdZdZdZdZdZdZdZdZdZdZdZdZdZdZdZdZdZdZdZdZdZdZdZdZdZdZdZdZdZdZdZdZdZdZdZdZdZaZaZaZaZaZaZaZaZaZaZaZaZaZaZaZaZzAzAzAzAzAzAzAzAzAzAzAzAzAzAzAzAzAzAzAzAzAzAmAmAmAmAmAmAmAmAmAmAmAmAmAmAmAmAmAmAmAmAmAmAmAmAmAmAmAmAmAmAmAmAmAqZaZaZaZaZaZaZaZaZaZzAzAzAzAzAzAzAzAzAzAzAzAzAzAzAzAzAzAzAzAzAzAqAzD
34, eZsZsZsZsZsZsZsZsZsZsZsZsZsZzZzZzZzZzZzZzZzZzZzZzZzZzZzZzZzZzZzZzZzZzZzZzZzZzZzZzZaCaCaCaCaCaCaCaCaCaCaCaCaCaCaCaCaCaCaCaCaCaCaCaCaCaCaCaCaCaCaCaCzIvAvAvAvAvAvAvAzZzZzZzZzZxAzZzZzZzZzZzZzZzZzZzZzZzZzZzZzZzZzZzZzZzZzZzZzZzZzZzZzZzZzZzZzZzZzZzZzZzZzAzAzAzAzAzAzAzAzAzAzAzAzAzAzAzAzAzAzAzAzAzAzAzAzAzAzAzAzAzAzAzAzAzAzAzAzAzAzAzAzAzAzAzAzAzAzAzAzAzAzAzAzAzAzAzAkAaA
35, zZzAzAzAzAzAzAzAzAzAzAzAzAzAzAzAzAzAzAzAzAzAzAzAzAzAzAzAzAzHzHzHzHzHzHzHzHzHzHzHzHzHzHzHzHzHzHzHzHzHzAzZzZyEyEyEyEyEyEyEyEyEyEyEyEyEyEyEyEyEyEyEyEyEyEyEyEyEyEyEyEyEzNzNzNzNzNzNzNzNzNzNzNzNzNzNaJaJaJaJaJaJaJaJaJaJaJaJaJaJaJaJaJaJaJaJaJaJaJaJaJaJaJaJaJaJaJaJaJgAgAgAgAgAgAgAgAgAgAgAgAgAgAgAgAgAgAgAgAgAgAgAgAgAgAgAgAaAzAzZ
36, zAzAzAzAzAzAaZaZaZaZaZaZaZaZaZaZaZaAaAaAaAzZaEzZzAzAzAzAzAzAzAzAzAzAzAzAzAzAzAzAzAzAzAzAzAzAzAzAzAzAzAzAaZaZaZaZaZaAaAaAaAaAaAaAaAaAaAaAaAaAaAaAaAaAaAaAaAaAaAaAaAaAaAaApZpZpZpZpZpZpZpZpZpZpZpZpZpZpZpZpZpZpZpZpZpZpZpZpZaZaZaZaZaZaZaZaZaZaZaZaZaZaZaZaZaZaZaZaZaZaZaZaZzZ
37, zAzAzAaZaZaZaZaZaZaZaZaZaZaZaZaZaZaZaZaZaZaZaZlZlZlZlZlZlZlZlZlZlZlZaAaAaAaAaAaAaAaAaAaAaAaAaAaAaAaAaAaAaAaAaAaAzAzAzAzAzAaAeZzAaZaZaZaZaZaZaZaZaZaZaZaZaZaZaZaZoIoIoIoIoIoIoIoIoIoIoIoIoIoIoIoIoIoIoIoIaZaZaZaZaZaZaZaZaZaZaZaZaZaZaZaZaZaZaZaZaZfZfZfZfZfZfZfZfZfZfZfZfZfZfZfZfZfZfZfZfZfZzA
38, aAaTaTaTaTaTaTaTaTaTaTaTaTaTaTaTaTaTaTaTaTaTaTaTaTaTaTaTaTaTaTaTaTaTaTaTaTzZaZaTaTaTaTaTaTaTaTaTaTaTaTaTaTaTaTaTaTaZaZaZaZaZaZaZaZaZaZaZaZaZaZaZaZxZxZxZxZxZxZxZxZxZxZxZxZxZxZaZaZaZaZaZaZaZaZaZaZaZaZaZaZaZaZaZaZaZaZaZaZaZaZaZaZzIzIzIzIzIzIzIzIzIzIzIzIzIzIzIzIzIzIzIzIzIzIzIzIzIzIzIzIzIzIzIzIzIzIzIzIzIzIzIzIzIzIzIzIzIzIzAzAzAzAzAzAzAzAzAzAzAzAzAzAzAzAzAzAzApZpZpZpZpZpZpZpZpZpZpZpZpZpZpZpZpZpZpZpZpZpZjZ
39, rZaZaAaAaAaAaAaAaAaAaAaAaAaAaAaAaAaAaAaAaAaAjAaAoAzNaZ
40, gAgAgAgAgAgAgAgAgAgAgAgAgAgAgAgAgAgAgAgAgAaXzAkXkXkXkXkXkXkXkXzZzZzZzZzZzZzZzZzZzZzZzZzZzZzZzZzZzZzZzZzZzZzZzZzZzZzZzZzZzZzZzZzZzZzZzZzZaAzZzZzZzZzZzZzZzZzZzZzZzZzZzZzZzZzZzZzZzZzZzZzZzZzZzZzZzZzZzZzZzZzZzZzZaAaAaAaAaAaAaAaAaAaAaAaAaAaAaAaAaAaAaAaAzA
41, aAaAaAaAaAaAaAaAaAaAaAaAaAaAaAaAaAaAaAaAaAaAaAaAaAaAaAaAaAaAaAaAaAaAaAaAaAaAaAaAdZdZdZdZdZdZdZdZdZdZdZdZdZdZaMzAzAzAzAzAzAzAzAzAzAzAzAzAzAzAzZzZ
42, aAaAuAuAuAuAuAuAuAuAuAuAuAuAuAmZmZmZmZmZmZmZmZmZmZmZmZmZmZmZmZmZmZmZmZmZmZmZmZmZzAaAfAfAfAfAfAfAfAfAfAfAfAfAfAfAfAfAfAfAfAfAfAfAfAfAfAaZaZaZaZaZaZaZaZaZaZaZaZaZaZaZaZaZaZaZaZaZaZaZaZaAzZaZaZaZaZaA
43, aFaFaFzAhBzAzAzAzAzAzAzAzAzAaZaZaZzAzAzAzAzAzAzAzAzAzAzAzAzAzAzAzAzAzAaZaZaZaZaZaZaZaZaZzBzBzBzBzBzBzBzBzBzBzBzBzBzBzBzBzBzBzBzBzBzBzBzBzBzBaZaZaZcZcZcZcZcZcZcZcZcZcZcZcZcZcZcZcZcZcZcZcZcZcZcZcZcZcZcZaA
44, cScScScSaZaZaZaZaZaZaZaZaZaZaZaZaZaZaAiJiJiJaAaAaAaAaAaAaAaAaAaAaAaAaAaAaAaAaAaAaAaAaAaAaAaAaAaAaAaAaAaAaAaAaAaAaAaAaAaAaAaAaAaAaAaAaAaAaAaAaAaAaAiZiZiZiZiZiZiZiZiZzFzFzFzFzFzFzFzFzFzFzFzFzFzFzFzFzFzFzFzFzFzAzAzAzAzAzAzAzAiZiZiZiZiZiZiZiZiZiZiZiZiZiZiZiZiZiZiZiZiZiZiZzLzLzLzLzLzLzLzLzLzLzLzLzLzLzLzLzLzLzLzLzLzLzLzLzLzLzLzLzLzLzLzLzLzLzLzLzLzLzLaU
45, aOaOaOaOaOaOaOaOaOaOaOaOaOaOaOaOaOaOaOaOaOaOaOaOaOaOaOaOaOaOaOaOaOaOaOaOaOaOaOaOaOaOaOaOaAzJaZaZaZaZaZaZaZaZaZaZaZaZaZaZaZaZaZaZaZaZaZaZaZaZaZaZaZaZaZaZaZaZaZaZaZaZaZaZaZaZaZaZaZaZaZaZaZaZaZaZaZaZaZaZaZaZaZaZaZaZaZaZaZaZoZoZoZoZoZoZoZoZoZoZoZoZoZoZzAzAzAzAzAzAzAzAzAzAzAzAzAzAzAzAzAzAzAzAzAzAzAzAzAzAzAzAzAzAzAzAzAzAzAzAzAzAzAzAzAzAzAzAzAzAzAzAzAzAzAzAzAzAzN
46, aAaAaAaAaAaAaAaAaAaAaZaZaZaZuAtAzOzOzOzOaXaXaXaXaXaXaXaXaXaDaZaAaAaAaAaAaAaAaAaAaAaAaAaAaAaAaAaAaAaAaAaAaAaAaAaAaAaAaAaAaAaAaAaAaAaTaTaTaTaTaTaTaTaTaTaTaTaTaTaTaTaTaTaTaTaTaTaTaTaTaTaTaTaTaTaTzZzZzZzZzZzZzZzZzZzZzZzZzZzZzZzZzZzZzZzZzZzZzZzZzZzZaAaAaAaAaAaAaAaAaAaAaAaAaN
47, aEaEaEaEaAzZaZaZaZaZaZaZaZaZaZaZaAaAaAaAaAaAaAaAaAaAaAaAaAaAaAaAaAaAaAaAaAaAaAaAaAaAaZaZzAaA
48, aZaZaZaZaZaZaZaZaZaZaZaZaZaZaZrLrLrLaCzAzAzAzAzAzAzAzAaA
49, tZtZtZtZtZtZtZzAzAzAzAzAzAzAzAzAzAzAzAzAzAzAzAzAzAzAzAzAzAzAzAzAzAzAaZaZaZaZaZaZaZaZaZaZaZaZaZaZaZaZaZaZaZaZaZaZaZaZaZaZaZaZaZaZaZaZaZaZaZaZaZaZaZaZaZaZaZaZaZaZaZoZoZoZoZoZoZoZoZoZoZoZoZoZoZoZoZoZoZoZaApAqZqZqZqZqZqZqZqZqZqZqZqZqZqZaA
50, zZaXaXaXaXaXaXaXaXaZaAzZzZzZzZzZzZzZzZzZzZzZzZzZzZzZzZzZzZzZzZzZzZzZzZzZzZzZzZzZzZzZzZzZzZzZcDcDcDcDcDcDcDzZ
51, wAwAwAwAwAoAoAoAoAoAoAoAoAoAoAzZzZwWwWwWwWwWwWwWwWwWaAaAaAaAaAbAjAjAjAjAjAdAdAdAdAdAdAdAdAdAdAdAdAdAdAzZzZzZzZzZzZzZtZtZtZtZtZtZtZtZtZtZtZtZzN
52, aZaAaAaAaAaAaAaAaAaAaAaAjZjZjZjZjZjZjZjZjZjZjZjZjZjZjZjZjZzAzAzAzAzAzAzAzAzAzAzAzAzAzAzAzAzAzAzAzAzAzAzAzAzAzAzAzAzAiJzAzAzAzAzAzAzAzAzAzAzAzAzAzAzAzAzAzAzAzAzAzAzAzAzAzAgAaZ
53, aHbAzZzZzZzZzZzZzZzZzZzZzZzZzZzZzZzZzZzZzZzZzZzZzZaOaOaOaOaOaOaOaOaOaOaOaOaOaOaOaZlAlAlAlAzAzAzAzAzAzAzAzAzAzAzAzAzAzAzAzAzAaZaZaA
54, zAlZaZaZaZaZaZaZaZaZaZaZaZaZaZaZaZaZaZaZaZzZzZzZzZzZzZzZzZzZzZzZzZzZzZzZzZzZzZzZzZzZzZzZaAzAzAzAzAzAzAzAzAzAzAzAzAzAzAzAzAzAzAzAzAzAzAaZaZaZaZaZaZaZaZaZaZaZaZaZaZaZaZaZmA
55, zAkZkZkZkZkZkZkZkZkZaZaZaZaZaZaZaZaZaZaZaZaZaZaZaZaZaZaZaZaZaZaZaZaZaZaZaZaZaZaZaZaZaZaZaZaZaZaZaZaZaZaZaZaZaZaZaZaZaZaZaZaZaZaZaZaZaZaZaZaZaZaZaZaZaZaZaZaZaZaZaZaZaZaZaZaZaZaZaZaZaZaZaZaZaZaZaZaBaAzAzOzBzBzBuAuAuAuAuAuAuAuAuAuAuAuAuAuAuAuAuAuAuAuAuAuAuAvZ
56, kZaAaAaAaAaAaAaAaAaAaAaAaAaAaAaAaAaAaAaAaAaAaAaAaAaAaAaAaAaAaAaAaAaAaAaAaAaAaAaAvLzAzAzAzAzAzAzAzAzAzAzAzAzAzAzAzAzAzAzAzAzAzAzAzAzAzAzAzAzAzAzAzZzZzZzZzZzZzZzZzZzZzZzZzZaZzOzOzOzOzOzOzOzOzOzOzOzOzOzOzOzOzOzOzOzOzOzOzOzOzOzOzOzOzOaC
57, jZjZjZjZjZjZjZjZjZjZjZiAzAzAzAzAzAzAzAzAzAzAzAaZaZaZaZaZaZaZaZaZaZzAzFzFzFzFzFzFzFzFzAzAzAzAzAzAzAaW
58, rAjAzZzZzZzZzZzZzZzZzZzZzZzZzZzZzZzZzZzZzZzZzZzZzZzZzZzZzZzZzZzZzZzZzZzZzZzZzZaKaKaKaKaKaKaKaKaKaKaKyAyAyAzZ
59, aAaAaAaAaAaAaAaMuDaZaZaZaZaZaZaZzZaAaAaAaAaAaAaAaAaAaAzEzEzEzEzEzEzEzEzEzEzEzEzEzEzEzEzEzEzEzEzEzEzEzEzEzEzEzEzEzEzEzEzEzEcAcAcAcAcAcAcAcAcAcAcAcAcAcAcAcAcAcAcAcAcAcAcAcAcAaZaZvO
60, aZaZaZaZaZaZaZaZaZaZaZaZaZaZaZaZaZaZcAcAcAcAcAcAcAzCzZzZzZzZzZzZzZzZzZzZzZzZzZzZzZzZzZzZzZzZzZzZzZzZzHpApApApApApApApApApApApApApApApApApApArAaDaDaDaDaDaDaDaDaDaDaDaDaDaDaDaDaDaDaDaDaZmTmTmTmTmTmTmTmTmTmTmTmTmTmTmTmTmTmTmTmTmTmTmTmTmTmTmTmTmTmTmTmTmTmTmTmTmTmTzAaZaZaZaZaZaZaZaZaZaZaZaZaZaZaZaZbA
61, zAaTaTaTaTaTzAzZzZzZaGyNyNyNyNyNyNyNyNzZ
62, aAwAwAwAwAwAwAwAzAzAzAzAzAzAzAzAzAzAzAzAzAyDyDyDyDyDyDyDyDyDyDyDyDyDyDyDyDyDyDyDyDyDyDyDyDyDyDyDzZzZzZzZzZzZzZzZzZzZzZzZzZzZzZzZzZzZzZzZzZzZzZzZzZzZzZzZzZzZzZzZzZzZzZzZzZzZzZzZzZzZzZzZzZzZzZzZzZzZzAzAzAzAzAzAzAzAaJaJaJaJaJaJaJaJaJaJaJaJaJaJaJaJaJaJaJaJzAzAzAzAzAzAaAaAyZ
63, zFaYaZeZcZcZcZcZcZcZcZcZcZcZcZzZbZzZzZzZzZzZzZzZzZzZzZzZzZzZzZzZzZzZzZzZzZzZaAaAaAaAaAaAaAaAaAaAaAaAaAaAaAaAaAaAaAaAaAaAaAaAaAaAaAaAaAaAzZ
64, aXaXaXaXaXaXaXaXaXaXaXaXaXaXaXaXaXaXaXaXaXaXaXnAzZzZzZzZzZzZzZzZzZzZzZzZzZzZzZzZzAzAzAzAzAzAzAzAzAzAzAzAzAzAzAzAzAzAzAaYaYaYaYaYaYaYaYaYaYaYaYaYaYaYaPaAzAzAzAzAzAzAzAzAzAzAmAmAmAmAzA
65, cAcAcAcAcAcAcAcAcAcAcAcAcAcAcAcAcAcAcAcAcAcAcAcAcAcAcAcAcAcAcAcAcAoAoAoAoAoAoAoAoAoAoAoAoAoAoAoAoAoAoAaZaZaZaZaZaZaZaZaZaZaZaZaZaZzCzCzCzCzCzCzCzCzCzCzCzCzCzCzCzCzCzCzCzCzCzCzCzCzCzCzCaZaZaZaZaZaZaZaZaZaZaZaZaZaZaZaDzZzVzAzAzAzAzAzAzAzAzAzAzAzAzAzAzAzAzAzAzAzAzAzAzAzAzAzAzAzAzZzZzZzZzZzZzZzZzZzZzZrOrOrOrOrOrOrOrOrOrOrOrOrOrOaZaZaZaZaZaZaZzM
66, aAaAaAaAaAaAaAaAaAaZaZaZaZaZaZzCzAhHzZzZzZzZzZzZzZzZzZzZzZzZzZzZeZeZeZeZeZeZeZeZeZeZzAzAzAzAzAzAzAzAzAzAzAzAzAzAzAzAzAzAaZjZjZjZjZjZjZjZjZjZjZjZjZjZjZjZjZjZjZjZjZjZjZjZjZjZjZjZjZjZjZjZjZzZzZzZzZzZzZzZzZzZzZzZzZzZzZzZzZzZ
67, zByZzZaCaCaCaCaCaCaCaCaCaCaCaCaAaAaAaAaAaAaAaAaAaAaAaAaAaAaAaAaAaAaAaAaAaAaAaAaAaAaAaAaAaAaAaAaAaAaAaAaAaAaAaAaAaAaAaAaAaAaAaAoAoAoAoAoAoAoAoAoAoAoAoAoAoAoAoAoAoAoAoAbAbAbAbAzA
68, aAdAaZaZaZaZaZaZaZaZaZaZaZaZaZaZaZaZaZaZaZaZgZgZgZgZgZgZgZgZgZaAaAaAaAaAaAaAaAaAaAaAaAzZaAaAaAaAaAaAaAaAaAaAaAaAaAaAaAaAkAkAkAkAkAkAkAkAkAkAkAkAkAkAkAkAkAkAkAkAzU
69, zZcAcAcAcAcAaZzZzXzXzXzXzXzXzXzXzXzXzXzXzXzXzXzXgZaZaZaZlAlAvAvAvAvAvAvAvAzK
70, aUaUaUaUaUaUaUaUaUaUaUaUaUaUaUaUaUaUaUaUaUaUaUaUaUaUaUaUaUaUaUaUaUaUaUaUaUaUaUaUaUaUaHzZzZzZzZzZaGwZnZmAmAmAmAmAmAmAmAmAmAmAmAmAmAmAzZ
71, sAsAsAsAsAsAsAsAsAsAsAsAsAsAsAsAsAaZjZjZjZjZjZjZjZjZjZjZjZjZjZjZjZjZzZaAaAaAzPzPzPzPzPzPzPzPzPzPzPzPzPzPzPzPzPzPzPzPzPzPaLrArArArArArArArArArArArArArArArArArArArArArArArArArArArArArArArArArAzZ
72, kAkAzHzAzAzAzAzAzAzAzAzAzAzAzAzAzAzAzAaAaAaAaAaAaAaAaAaAaAaAaAaAaAaAqYqYqYqYqYqYqYqYnAnAnAnAnAnAnAnAnAnAnAnAnAnAnAnAnAnAnAnAnAnAnAnAnAnAnAnAnAnAnAnAnAzAzAzAzAzAzAzAzAzAzAzAzAzAzAzAzAzAzAzAzAzAzAzAzAzAzAzAzAzAzAzAzAzAzAzAzAzAzAzAzAzAzAzAzAzAzAzAzAzAzAzAzAzA
73, zZaAaAaAaAaAaAaAaAaAaAaAaAaAaAaAaAaAaZaZaZaZaZaZaZaZaZaZaZaZaZaZaZaZaZaZaZaZaZaZaZaZaZaZaZaZaZlZlZlZlZlZlZlZlZlZlZlZlZzZnAjAxAxAxAxAxAxAxAxAwAwAwAwAwAwAwAwAwAwAwAwAwAwAwAwAwAwAwAwAwAwAwAwAwAwAwAaZaZaZaZaZaZaZaZaZaZaZaZaZaZaZaZaZaZaZzAzAzAzAzAzAzAzAzAzAzAzAzAzAzZ
74, aZaZaZaZaZaZaZaZaZaZaZaZaZaZaZaZaZgAaZaAaAaAaAaAaAaAaAaAaAaAaAwAzAzAzAzAzAzAzAzAzAzAzAzAzAzAzAzAzAzAzAzAzAzAzAzAzAzAzAzAzAzAoVaAaAaAaAaAaAaAaAaAaAaAaAaAaAaAaAaAaAaAaAaAaAaAaAaAaAaAaAaAaAaAaAaAaAaAaAaAaAaAzAhLhLhLhLhLhLhLhLhLhLhLhLhLhLhLhLhLhLhLhLmAmAmAmAmAmAmAmAmAmAmAmAmAmAmAmAmAmAmAmAaAaAaAaAaAaAaAaAaAaAaAaAaAaAaAaAaAaAaAaAmA
75, aAaAaAaAaAaAaAaAaAaAaAaAaAaAaAaAaAaAaAaAaAaAaAaAaAgAgAgAgAgAgAgAgAgAgAgAgAgAgAgAgAgAgAgAgAgAgAgAgAgAzZzZzZzZzZzZzZzZzZzZzZzZzZzZzZzZzZzZzZzZzZzZzZzZzZzZeAqAqAqAqAqAqAqAqAqAqAqAqAqAqAqAqAqAqAqAqAqAqAqAqAqAqAqAqAqAqAqAqAzAzAzAzAzAzAzAzAzAzAzAzAzAzAzAzAzAzAzAzAzAzAzAzAzAzAzAzAzAzAzAzAzAzAzAjZjZjZjZjZjZjZjZjZjZaZ
76, zZaAlZuJaAaAaAaAaAaAaAaAaAaAaAaAaAaAaAaAaAsRsRsRsRsRsRsRsRsRsRsRsRsRsRsRaAaAaAaAaAaAaAaAaAaAaAaAaAaAaAaAaAaAaAaAaAaAaAaAaAaAaAaAaAaAaAaAaAaAaAaAaAaAaAaAaAaAaZdZ
77, zZzZzZzZtMtMoZzAzAzAzAzAzAzAzAzAzAzAzAzAzAzAzAzAzAzAzAzAzAzZiAwZwZwZwZwZwZwZwZwZwZwZwZwZwZwZwZwZwZwZwZwZwZwZzAzAzAzAzAzAzAzAzAzAzAzAzAzAzAzAzAzAzAzAzAzAzAzAzAzAzAzAzAzAzAzIzIzIzIzIzIzIzIzIzIzIzIzIzIzIzIzIzIzIzIzIhZhZhZhZhZhZhZhZhZhZhZhZhZhZhZhZhZhZzS
78, aZzYzYzYzYzYzYzYzYzYaKaKaKaKaKaKaKaKaKaKaKaKaKaKaKaKaAaAaAaAaAaAaAaAaAaAaAaAaAaAaAaAaAaAaAaAaAaAaAaAaAaAaAaAtQaFaFaFaFaFaFaFaFaFaFaFaFaFaFaFaFaFaFaFaFaFaFaFaFaFaFaFaFaFaFaFaFaFaFaFaFaFaFaFaFzZzZzZzZzZzZzZzZzZzZzZzZzZzZzZzZzZzZzZzZzZzZzZzZzZzZzZzZzZzZzZzZzZzZzZzZzZzZzZzZzZzZzZzZzZaAaAaAaAaAaAaAaAaAaAaAaAaAaAaAaAzA
79, zAzAzAzAzAzAzAzAzAzAzAzAzAzAzAzAzAzAzAzAaAaZaZaZaZaZaZaZaZaSiJiJiJiJiJiJiJiJiJiJiJiJiJiJiJiJiJiJiJiJiJiJiJiJiJiJiJiJiJiJiJiJiJiJiJiJiJiJrUrUzAzAzAzBzBzBzBzBzBzBzBzBzBzBzBzBzBzBzBzBzBzBtZtZtZtZtZtZtZtZtZtZtZtZtZtZtZtZtZtZtZtZtZtZtZtZtZtZtZtZtZzLzLzLzLzLzLzAzA
80, aZaZaZaZaZaZaZaZaZaZaZaZaZaZaZaZaZaZaZaZaZaZaZaZaZaZaZaZaZlAlZaAaAaAaAaAaAaAaAaAaAaAaAaAaAaAaAaAaAaAaAaAaAaAaAaAaAaAaAaAaAaGaGaGaGaGaGaGaGaGaGzCzCzCzBzAkZkZkZaZaZaZaZaZaZaZaZaZaZaZaZaZaZaZaZaZaZaZaZaZaZaZaZaZaZaZaZaZaZaZaA
81, zAzAzAzAzAzAzAzAzAzAzAzAzAzAzAzAzAzAzAzAzAzAzAzAzAzAzAzAzAzAzAzAzAzAzAzAaBaBaBaBaBaBaBaBaBaBaBaBaBaBaBaBaBzAzAzAzAzAzAzAzAzAzAzAzAzAzAzAzAzAzAzAzAzAzAzAzAzAzAzAzAzAzAzAzAzAzAzAzAzAzAzAaLaLaLaLaLaLaLaLaLaLaLzZzZzZzZzZzZzZzZrArArArArArArArArArArArArArArArArArArArArArArArAaZtAzZ
82, zZzAzAzAzAzZcZcZcZcZcZcZcZcZcZcZaZzRzAdZdZdZdZdZdZdZdZdZdZdZdZdZdZdZdZdZdZdZdZdZdZdZeZeZeZeZeZzAzHzPzPzA
83, zAzAzAzAzAzAiAaZaZaZaZaZaZaZaZaZaZaZaZaZaZaZaZaZaZaZaZaZaZaZaZaZaZaZaZaZaZaZaZaZaZaZaZaZaZaZaZaZaZaZaZaZaZaZaZaZaZaZaZaZaZzZzZzZzZzZzZzZzZzZzZzZzZzZzZzZzZzZzZzZzZzZzZzZzZzZzZzZzZzZzZzZzZzZzZzZzZzZzZzZzZzZzZzZzZzZzZzZzZzZzZzZzZzZzZzZzZzZaZaZaZaZaZaZaZaZaZaZaZaZaZaZaZaZaZaZaZaZaZaZaZaZaZaZaZaZaZaZaZaZaZzAzAzAzAzAzOqA
84, aAaAaAaAaAaAaAeIeIeIeIeIeIeIaAaAaAaAaAaAaAaAaAaAaAaAaAaAaAaAzAzAzAzAzAzAzAzAzAzAzAzAzAzAzAzAzAzAzAzAzAzAzAfAfAfAfAfAfAfAzAzAzAzAzAzAzAzAzAzAzAzAzAzAzAzAzAaAaAaAaAaAaAaAaAaAbAbAbAbAbAbAbAbAbAbAbAbAbAbAbAbAbAbAbAbAbAbAbAbAbAbAbAbAbAbAbAbAbAbAbAvAzZzZzZzZzZzZzZzZzZzZzZzZzZzZzZaDaDaDaDaDaDaDaDaDaDaDaDaDaDaDaDaDaDaDaDaDaDaDaDaDaDaDaDaDaA
85, aZaZaZaZaZaZaZaZaZaZaZaZaZaZaZaZaZaZaZaZaZaZaZaZaZaZaZaZaZaZaZaZaZaZaZzDzDzDzDzDzDzDzDzDzDzDzDzDzDzDzDzDzDzDzDzDzDzDzDzDzDzDzDzDzDzAzAzAzAzAzAzAzAzAzAzAzAzAzAzAzAzAzAzAzAzAzAzAzAzAzAzAzAzAzAzAzAzAzAzAzAzAzAzAzAzAzAzAzAzZzZzZzZzZzZzZzZzZzZzZzZzZzZzZzZzZzZzZaMaMaMaMaMaMaMaMaMaMaMaMaMaMaMaMaMaMaZaZaZaZaZaZaZaZaZaZaZaZaZaZaZaZaZaZaZzJ
86, zRmSzZaZaZaZaZaZaZaZaZaZaZaZaZaZaZaZaZaZrZuZtZzZzZdZdZdZdZzTzTzTzTzTzTzTzTzTzTzTzTzTzTzTzTzTzTzTzTzTzTzTzTzTzTzTzTzTlAzAcZ
87, jVaWaAzVaAzAzAzAzAyZhZoZoZoZoZoZoZoZoZoZoZoZoZoZoZoZoZoZoZoZoZoZoZoZzZzZzZzZzZzZzZzZzZzZzZzZzZzZzZzZzZzZzZzZzZzZzZzZzZzZzZzZzZzZzZzZzZzZzZzZzZzZzZzZzZzZzZzZ
88, aAaAaAaGzAzAzAzAzAzAzAzAzAzAzAzAzAzAzAzAzAzAzAzAzAzAzAzAzAzAzAzAzAzAzAzZoHaZaZaZaZaZaZaZaZaZaZaZaZaZaZaZaZaZaZaZaZaZaZaZaZaZaZaZaZaZaZaZaZaZaZaZaZaZaZaZaZaZaZzCzCzCzCsZ
89, zAzAtZtZtZtZtZtZtZtZtZtZtZtZzZzZzZzZzZzZzZzZzZzZzZzZzZzZzZzZzZzZzZzOzOzOzOzOzOzOzOzOzOzOzOzOzOzOzOzOzOzOzOzOzOzOzOzOzOkAaAaAaEaEaEaEaEaEaEaEaEaEaEaEaEaEaEaEaEaEaEaEaEaEaEaEaEaEaEaEzA
90, zZzZzZzZzZzZzZzZzZzZzZzZzZzZzZzZaAaAaZaZaZaZaZaZaZaZaZaZgAgAgAgAgAgAgAgAgAgAgAgAgAgAgAgAgAgAgAgAgAgAgAgAzAzAzAzAzAzAzAzAzAzAzAzAzAzAzAzAzAzAzAzAzAaPaPaPaPaPaPaPaPaPaPzZ
91, lZlZlZlZlZlZlZlZlZlZlZlZlZlZlZlZlZlZlZlZlZlZlZlZlZlZlZlZlZlZlZlZlZlZlZlZlZlZlZlZlZlZlZaUaUaUaUaZaZaZaZaZaZaZaZaZaZaZaZaZaZaZaZaZaZaZaZaZaZaZaZaZaZaTaTaTaTaTaTaTaTaTaTaTaTaTaTaAaAaAaAaAaAaAaAaAaAaAaAaAaAaAaAaAaAaAaAaAaAaAaAaAaAaAzAoAzZaZ
92, iFiFzZqMqMqMqMqMqMqMqMqMqMqMqMqMqMqMqMzZzZzZzZzZzZzZzZzZzZzZzZzZzZzZzZzZzZzZzZzZzZzZzZzZzZzZzZzZzZzZzZnAiZaZiZiZzAzAzAzAzAzAzAzAzAzAzAzAzAzAzBzBzBzBzBzBzBzBzBzBzBzBzBzBzBzBzBzBzBzBzBzBzBzBzBzBzBzBzBzBzBzBzBzBzBzBzBzBzBzBzBzBzBzBzBzBzBzBzBzBzBhA
93, eHaUaUaUaAuAzZaAaAaAaAaAaAzAzAzAzAzAzAzAzAzAzAzAzAzAzAzAaZaZzAzAzAzAzAzAzAzAzAzAzAzAzAzAzAzAzAzAzAzAzAzAzAzAzAzAzAzAzAzAzAzAzAzAzNzNzNzNzNzNzNzNzNzNzNzNzNzNzNzNzNzNzNzNzNzNzNzNzNzNzNzNzNzNzNzNzNzNzNzNzNzNzNzN
94, vZvJvJvJvJvJvJvJvJvJvJvJvJvJvJvJvJvJvJvJvJvJvJvJvJvJvJvJvJvJvJvJvJzZzZzZzZzZzZzZzZzZzZzZzZzZzZzZzZzZzZzZzZzZzZzZhFzA
95, zAzAzAzAzAzAzAzAzAzAzAzAzAzAzAzAaZaZaZaZaZaZaZaZaZaZaZaZaZaZaZaZaZaZaDaZaZaZaZaZaZaZaZaZaZaZaZaZaZaZaZaZaZaZaZaZaZaZaZaZaZaZaZaZaZaZaZaZaZaAaAaAaAaAaAaAaAaAaAhAhAhAhAhAhAhAhAhAhAqZqZqZqZqZqZqZqZqZqZqZqZqZqZqZqZqZzZzZzZzZzZzZzZzZzZzZzZzZzZzZzZzZzZzZzZzZzZzZzZzZzZzZzZzZzZzZzZzZzZzZzZzZzZzZzZzZzZzZzZaGaGaGaGaGaGaGaGaGaGaGaGaGaGaGaGaGaGaGaGaGaGaGaGaGaGaGaGaGaGaGaGaGaGaGaGaGaGaGaGaGaGaGaGaGaGaGaGaGaGaGxZxZxZxZxZxZxZxZxZxZxZxZxZxZxZxZxZxZxZxZxZxZxZxZxZxZxZxZxZxZxZxZxZxZxZxZxZvZvZvZvZvZvZvZvZvZvZvZvZvZvZvZvZvZvZvZvZvZvZvZvZvZvZvZvZvZvZvZvZvZzA
96, zZzHzHzHzHzHzHzHzHzHzHzHzHzHzHzHzHzHcPaCaCaCaCaCaCaCaCaCaCaCaCaZaZaZaZaZaZaZaZaZzAzAzAzAzAzAzAzAzAzAzAzAzAzAzAzAzAzAzAzAzAzAzAzAzAzAzAzAzA
97, aVaVaVaVaVaVaVaVaVaVaVaVaVaVaVaVaVaVaVaVaVaVaVzAzAzAzAzAzAzAzAzAzAzAzAzAzAzAzAzAzAzAzAzAzAzAzAzAzAzAzAzAzAzAzAzAzAzAzAqAqAqAqAqAqAqAqAqAqAqAqAqAqAqAqAqAqAqAqAqAqAqAqAqAqAqAqAqAqAqAqAqAqAqAqAqAqAqAqAqAqAqAqAqAqAqAqAqAqAqAaAaAzZzZzZzZzZzZzZzZzZzZzZzZzZzZzZzZzZzZzZzZzZzZzZzZzZzZzZzZzZzZaAaAaAaAaAaAaAaAaAaAaAaAiAeAeAeAeAeAeAeAeAeAeAeAeAeAeAeAeAeAeAeAeAeAeAeAeAeAeAeAeAeAeAeAeAeAeAeAeAeAeAeAyZzZzZzZzZzZzI
98, tZtZtZtZtZtZtZtZtZtZtZtZtZtZtZtZzZzZzZzZzZzZzZzZzZzZzZzZzZzZzZzZzZzZzZzZzZzZzZzZzZkZkZkZkZkZkZkZaZaAaAaAaAaAaAaAaAaAxArZrZrZrZrZrZrZrZrZaLaLaLaLaLaLaLaLaLaLaLaLaLzZzZzZzZzZzZzZzZzZzZzZzZzZxAxAxAxAxAxAxAxAxAxAxAxAxAxAaZaZcZ
99, aZaZaZaZaZaZaZaZaZaZaZaZaZaZaZaZzAzAzAzAzAzAzAzAzAzAzAzAzAzAzAzAzAzAzAzAzAzAzAzAzAzAzAzAzAzAzAzAzAzAzAzAzAzAzAzAzAzAzAzAzAqZqZqZqZqZqZqZqZqZqZqZqZqZqZqZqZqZqZqZqZqZqZqZqZqZqZqZqZzAzAzAzAzAzAzAzAzAzAaAaAaAaAaAaAaAaAaAaAaAaAaAaAaAaAaAaAzZnZaGaGaGaGaGaGaGaGaGaGaGaGaGaGaGaGaA
