0, zZaZzZzZzZzZzZzZzZzZzZzZzZzZzZzZzZzZzZzZzZzZzZzAzAzAzAzAzAzAzAzAzAzAzAzAzAzAzAzAzAzAzAzAzAzAzAzAzAzAzAzAzAaEaEaEaEaEaEaEaEaEaAaAaAaAaAaAaAaAaAaAaAaAaAaAaAaAaAaAaAaAaAaAaAaAaAaAaAaAaAaAaAaAaZoAqAqAkAzAzAzAzAzAzAzAzAzAzAzAzAzAzAzAzAzAzAzAzAzZzZzZzZzZzZzZzZzZzZzZzZzZzZzZzZzZzZzZlAlAlAlAlAlAlAlAlAlAlAlAlAlAlAlAlAlAlAlAlAlAlAlAlAlAlAlAlAlAlAlAlAlAlAlAlAlAlAlAlAlAlAlAlAlAlAlAlAlAlAaX
1, aAaKaTaHaHaHaHaHaHaHaHaYaYaYaYaYaYaYaYaYaYaYaYaYaYaYaZaZaZaZaZaZaZaZaZaZbZzMzMzMzMzMzMzMaZaZaZaZaZaZaZaZaZaZaZaZaZaZaZaZaZaZaZaZaZaZaZaZaZaZaZaZaAzZ
2, aZaZaZaZaZaZaZaZaZaZxAxAzIaDaDaDaDaDaDaDaDaDaZaZaZaZaZaZaZaZaZaZaZaZaZaZaZaZaZaZaZaZaZaZaZaZaZaZaZaZaZaZaZaZaZaZaAaAaAaAaAaAaAaAaAaAaAaAaAaAaAaAaAaAaAaAaAzAaZaZaZaZaZaZaZaZaZaZaZaZaZaZnZnZnZnZnZnZnZnZnZnZnZnZnZnZnZnZnZnZnZnZnZnZnZnZnZnZnZnZnZnZnZnZnZnZnZnZnZnZnZnZgZgZgZgZgZgZgZgZgZgZgZgZgZgZzFoXwA
3, aArZaAvAvAvAvAvAvAvAvAzWzWzWzWzWzWzWzWzWzWzWzWzWzWzWzWzWzZzZzZzZzZzZzZzZzZzZzZzZzZzZzZzZzZzZzZzZzZzZzZzZzZzAaZaZaZaZaZaZaZaZaZaZaZaZaZaZfZ
4, zHzHzHzHzHzHzIzIzIzIzIzIzIzIzIzIzIzIzIzIzIzIzIzIaTnZnZnZnZnZnZnZnZnZvAcAcAcAcAcAcAcAcAcAcAzVzVzVzVzVzVzVzVzVzVzVzVzVzVzVzVzVzVzVzVzVzVaZaZaZaZaZaZaZaZaZaZaZaZaZaZaZaZaZ
5, aAaAaAaAaAaAaAaAaAaAaAaAaAvAvAvAvAvAvAvAvAvAvAvAvAvAvAvAvAvAvAvAvAvAmAmAmAmAmAmAmAmAmAmAmAmAmAmAmAmAmAmAmAlZlZlZlZlZlZlZlZlZlZlZlZlZlZlZlZlZlZlZlZlZlZaZcZcZcZcZcZcZcZcZcZcZcZsZsZsZsZsZsZsZsZsZsZsZsZsZsZsZsZsZsZsZsZsZsZsZsZeAeAeAeAeAeAeAeAeAeAeAeAeAeAeAeAeAeAeAmZmZmZmZmZbZbZbZbZbZbZbZbZbZbZbZbZbZbZbZbZbZbZbZbZbZbZbZbZbZbZbZbZbZbZzAzAzAzAzAzAzAzAzAzAzAzAzAzAzAzAzAzAzAzAzAzAzAzAzAzAzAaJ
6, gZzZrZrZrZrZrZrZrZrZrZrZrZrZrZrZrZzFaZaZaZaZaZaZaZaZaZaZaZaZaZaZaZaZaZaZaZaZlAlAlAlAlAlAlAlAlAlAlAlAkAkAkAkAkAkAkAkAkAkAkAkAkAkAkAkAaZaZaZaZaZaZaZaZaZaZaZaZaZaZaZaZaZaZaZaZaZaZaZaZaZaZaZaZaZaZaZaZaZaZaZaZaZmX
7, eAeAeAeAeAeAeAeAeAeAeAeAzZzZzZzZzZzZzZzZzZzZzZzZzZzZzZzZaZaZaZaZaZaZaZaZaZaZaZaZaZaZaZaZaZaZaZaZaZaZaZzOaZaZaZaZaAaAaAaAaAaAaAaAaAaAaAaAaAaAaAaAaAaAaAaAzZzZzZzZzZzZzZzZaAaAaAaAaAaAaAaAaAaAaAaAiZiZiZiZiZiZiZiZiZiZiZiZiZiZiZiZiZiZiZiZiZiZiZiZaK
8, wZwZwZwZwZwZwZwZwZwZwZwZwZwZwZwZwZwZwZwZwZwZwZzPaZzZxAxAxAxAxAxAxAxAxAxAxAxAxAaZlAlAlAlAlAlAlAlAlAlAlAlAlAlAlAlAlAlAbZbZbZaLnZnZnZnZnZnZnZnZnZnZnZnZnZnZnZnZnZnZnZnZnZnZnZnZnZnZnZnZnZnZzA
9, aZaZaZaZaZaZaZaZaZaZaZaZaZaZnGzZaZaZaZaZaZaZaZzZzZzZzZzZzZzZzZzZzZzZzZzZzZzZzZzZzZzZzZzZzZzZzZzZzZzZzZzZaVaVaVaVaVaVaVaVaVaVaVaVaVaVaVaVaVaVaVaVaVaVaVaOaOaOaOaOaOaOaOaOaOaOaOaOaOaOaOaOaOaOaOaOaOaOaOaOaQ
10, zAzZzZzZzZzZzZzZzZjZjZjZjZjZjZjZjZjZjZjZjZjZjZjZjZjZjZjZjZjZjZjZjZjZjZzUaFiAjZlZzZzZzZzZzZzZzZzZzZzZzZzZzZzZzZaZaZaZaZaZaZaZaZaZaZaZaZaZaZaZaZaZaZaZaZaZaZaZaZaZaZaZaZaZaZaZaZaZvZsTsTsTsTsTsTsTsTaZaZaZaZaZaZaZaZaZaZaZaZaZaZaZaZaZaZaZaZaZaZaZaZaZaZaZaZaZaZaZaZaZaZaZaZaZaZaZaZaZaZaZaZaZaZaZaZaZaZaZaZaZaZaZaZaZaZaZaZaZaZaZaZaZaZaZaZaZaZaZaZaZaZaZaZaZaZaZ
11, zZzZzZzZzZzZzZzZzZzZzZaZaZaZaZaZaZaVaVaVaVaVcXcXcXcXcXcXcXcXcXcXcXcXcXcXcXcXcXcXcXcXcXcXcXcXcXcXcXcXbBbBbBbBbBbBbBbBbBbBbBbBbBbBbBbBzZzZzZzZzZzZzZzZzZzZzZzZzZzZzZzZzZzZzZzZzZzZzZzZzZzZzZzZzZiZiZiZiZiZiZiZiZiZiZiZiZiZzZzZzZzZzZzZzZzZzZzZzZzZzZlZlZlZlZlZlZlZlZlZlZlZlZlZlZlZlZlZlZlZlZlZaJ
12, zAzAzAzAzAzAzAzAzAzAkAkAkAkAkAaZaZaZaZaZaZaZaZaZaZaZaZaZaZaZaZaZaZaZaZaZaZaZaZaZaZaZaZaZaZaZaZaZaZaZaWaWaWaWaWaWaWaWaWaWaWaWaWaWaWaWdAnAnAnAnAnAnAtAtAtAtAtAtAtAtAtAtAtAtAtAtAtAtAtAtAtAtAzXzXzXzXzXzXzXzXzXzXzXzXzXzXzXzXzXzXzXzXzXzXaUaUaUaUaUaUaUaUaUaUaUaUaUaUaUaUaUaUaUzA
13, dZdZdZdZdZdZdZdZdZdZdZdZdZdZdZdZdZdZdZaJaJaJaQaQaQaQaQaQaRaRaRaRaRaRaRaRaRaRaRaRaRaRaRaRaRaRaRaRaRaRaRaRaRaRaRaRaRaRaRaRaRaRaXaXaXaXaXaXaXaXaXaXaXaXaXaXaXaXaXaXaXaXaXaXaXaXaXaXaXaXaXaXaXgPgPgPgPgPgPgPgPgPrDzZzZzZzZzZzZzZzZzZzZzZzZzZzZzZzZzZzZzZfA
14, zAaDzAzWzVaAiAiAiAiAiAiAiAiAiAiAiAiAiAiAiAiAiAiAiAiAiAiAiAiAiAiAiAiAiAiAiAiAiAiAmUzNzNzNzNzNzNzNzNzNzNaNaNaNaNaO
15, uAaZaZaZaZaZaZaZaZaZaZaZaZaZaAtMtMtMaAeAeAeAeAeAzZzZzZzZzZzZzZzZzZzZzZzZzZzZzZzZzZzZzZzZzZzZzZzZzZzZzZzZzZzZzZrA
16, hAaAaZzAzIzAwAnXnXnXnXnXnXnXnXnXnXnXnXnXaAaAaAaAaAaAaAaAaAaAaAaAaAaAaAaAaAaAaAaAaAaAaAaAaAaAaAaAaAaAaAaAaAaAaAaAaAaAaA
17, oAoAoAoAoAoAoAoAoArZrZrZrZrZrZrZrZrZrZrZrZrZrZzAzAzAzAzAzAzAzAzAzAzAzAzAzAzAzAzAzAzAzAzAzAaAaAaAaAaAaAaAaAaAaAaAaAaAaAaAaAaAaAaAaAaAaAaAaAaAaAaAaAaAzZaUaUaUaUaUaUiZzAzAzAzAzAzAzAzAzAzAzAzAzAzAzAzAzAzAzAzAzAzAzAzUzUzUzUzUzUzUzUzUzUbZ
18, aZzAzAzAzAzAzAzAzAzAzAzAzAzAzAzAzAzCsAsAsAsAsAsAsAsAsAsAsAsAsAsAfTfTfTfTfTfTfTfTfTfTiZiZiZiZiZiZiZiZiZiZiZgAzLnZnZnZnZnZnZnZnZnZnZnZnZnZnZnZnZnZaZaAaAaAaAaAaAaAaAaAaAaAaAaAaAaAaAaAaAxF
19, xJxJxJxJxJxJxJxJxJxJxJxJxJxJzAzAzAzAzAzAzAzAzAzAzAzAzAzAzAzAzAzAzAzAzAzAzAzAzAmZmZmZmZmZmZmZmZmZmZmZmZmZmZaMaMaUaUaUaUaUaUaUaUaUaUaUvAvAvAvAvAvAvAvAvAvAvAvAvAvAvAvAvAvAvAvAnZzAzAzAzAzAzAzAzAzAzAzAzAzAzAzAzAzAzAzAzAzAzAzAkAkAkAkAkAkAkAkAkAkAkAkAkAaZ
20, zZzZzZzZzZzZzZzZzZpAaPaXaXaXaXaXaXaXaXaXaXaXaXzPzPzPzPzPzPzPzPzPaAaAaAaAaAaAaAaAaAaAaAaAaAaAaAaAaAaAaAaAaAaAaAaAaAaAaAaAaAaAaAaA
21, zVaTaTaTaTaTaTaTaTaTaTaTaTaTaTaTaTaTaTaAyZyZyZyZyZyZyZyZyZyZyZyZyZyZyZyZyZyZyZyZyZyZyZyZyZyZyZyZyZyZyZyZyZyZyZyZyZyZyZzZwZwZwZwZwZwZwZwZwZwZwZwZwZwZwZwZwZwZwZwZwZwZwZwZwZwZwZwZwZwZwZwZwZwZzAzAzAzAzAzAzZzZzZzZzZzZzZzZzZzZzZzZzZzZzZzZzZzZzZzZzZaOaOaOaOaOaOaOsA
22, aZaZyAaDaDaDaDaDaDaDaDaDaDaDaDaDaDaDaDhZhZhZzZzZzZzZzZzAzAzAzAzAzAzAzAzAzAzAzAzAzAzAzAzAzAzAcAcAcAcAcAcAcAcAcAcAcAzZ
23, tAtAtAtAaAaAaAaAaAaAaAaAaAaAaAaAaAaAaAaAaAaAaAaAaAaAaAaAtZpZpZpZpZpZpZaZaZaZaZaZaZaZaZaZaZaZzAzAzAzAzAzAzAzAzAzAzAzAzAzAzAaRaRaRaRaRaRaRaRaRaRaRaRaRzZzZzZzZzZzZzZzZzZzZzZzZzZzZzZzZzZzZzZzZzZzZzZzZzZzZzZzZzZzZzZzZzZzZzZzZzZzZzZzZzZzZzZzZaAaAaAaAaAaAaAaAaAaAaAaAaAaAaAaAaAdA
24, aZrCrCrCrCrCrCrCrCrCrCrCrCrCrCrCrCzGaAvWvWvWvWvWvWvWvWvWvWvWvWvWvWvWvWvWvWvWvWvWvWvWvWvWvWvWvWvWvWvWvWzZzZzZzZzZzZzZzZzZjAzZaWaWaWaWaWaWaWaWaWaWaWaWaWaWaWaWaWaWaWaWaWaWvA
25, gAgAgAgAgAuKuKuKuKuKuKzAzAzAzAzAzAzAzAzAzAaNaNaNaNaNaNzLlArTkD
26, zZwWwWwWwWwWwWzYzYzYzYzYzYzYzYzYzYzYaAsZsZsZsZsZsZsZsZsZsZsZsZsZsZsZsZaAaAaAaAaAaAaAaAaAaAaAaAaAaAoAmZmZmZmZmZmZmZmZmZmZmZmZmZmZmZmZmZmZmZmZmZmZpApApApApApApApApApApApApApApApApApAaAzAzAzAzAzAzAwAwAwAwAwAwAwAwAwAwAwAwAwAwAwAwAwAwAwAwAwAwAwAwAaRaRaRaRaRaRaRaZaZaZaZaZaZaZaZaZaZaZaZaZaZaZaZaZaZaZaZaZaZaZaZaZaZaZaZaZaZaZaZaAaAaAaAaAaAaAaAaAaAaAaAaAaAaAaAaAaAaAaAaAaAaAaAaAaAaAaAaAaAaAaAaAaAaAaAaAaAaAaAaAkA
27, aZaZaZaZaZaZaZaZaZaZaZaZaZzXzXzXzXzXzXzXzXzXzZzZzZzZzZzZzZzZzZzZaHaHaHaHaHaHaHaHaHaZaXaXaXaXaXaXaXaXaXaXaXaXaXaXaXaXaXaXaXaXaXaXaXaXaXaXaXaXaXaXzAzAzAzAzAzAcAcAcAcAcAcAcAcAcAcAcAcAcAcAwY
28, lAqAaBzAaZkUkUkUkUkUkUkUkUkUzAzAzAzAzAzAzAzAzAzAzAzAzAzAzAzAzAzAzAzAzAzAzAzAzAzAzAzAzAzAzAqAqAqAqAqAqAqAqAqAqAqAqAqAqAqAqAqAqAqAfAfAfAfAfAfAfAfAfAfAfAfAfAfAfAfAfAfAfAfAfAfAfAfAfAfAfAfAfAfAfAaZ
29, vAaAaAaAaAaAaAaAaAaAaAaAaAaAaAaAaAaAaAaAaAaAaAaAaAaAaAmZmZmZmZmZmZmZmZmZmZmZmZmZmZmZmZmZmZrPrPrPrPrPrPrPrPrPrPrPrPrPrPrPrPrPrPaAaAaAaAaAaAaAaAaAaAaAaAaAaAaAaAaAaAaAbAaZaZaZaZaZaZaZaZaZaZaZaZaZzZzZzZzZzZzZzZzZzZzZzZzZzZzZzZzAzGzGzGzGzGzGzGaAaAaAaAaAaAaAaAaAaAaAaAaAaAbAbAbAbAbAbAbAbAbAbAbAbAbAbAbAfZ
30, jZjZjZjZjZjZjZjZjZjZjZjZjZjZjZjZjZzDzDzDzDaZaAaAaAaAzZuZuZuZuZuZuZuZuZaAaAaAaAaAaAaAaAaAaAaAaAaAaAaAaAaAaAaAaAaAaAaAaAaAaAaBaBaBaBaBaBaBaBaBaBaBaBaBaBaBaBaBaBaBaBaBaBaBaBaBaBaBaBaBrArArArArArArAaAaAaAaAaAaAaAaAaAaAaAaAaAaAaAaAaAaAaAaAaAaAaAaAaAuA
31, rCkZaZaZaZaZaZaZaZaZaZaZaZaZaZaZaZaZaZaZaZaZaZaZaZaZaZaZaZaZaZaZzZaZvAvAvAvAvAvAvAvAvAvAvAvAvAvAvAaL
32, pHzYzYzYzYzYzYzYzYzYzYzYzYzYzYzYzYzYzYzYzYzYzYzYzYzYzYdZaAaAaAaAaAaAaAaAaAaAaAaAaAaAaAaAaAaAaAaAaZaZaZaZaZaZaZaZaZaZaZaZaZaZaZaZaZlZcAcAcAcAcAcAcAcAcAcAcAcAcAcAcAcAcAcAcAcAcAjJjZaXaXaXaXaXaXaXaXaXaXaXaXaXaXaXaXaXaXaXaXaXaXaXaXaXaXaXaXaXaXaXaXaXaXaXcZcZcZcZcZcZcZcZcZcZcZcZcZcZcZcZcZcZcZcZcZcZcZcZcZcZcZzAzAzAzAzAzAzAzAzAzAzAzAzAzAnA
33, aAaAaAaAaAaAaAaAaAaAaAaAaAaAaAgXgXgXgXgXgXgXgXgXgXgXgXgXgXgXgXgXgXgXgXgXgXgXgXgXgXgXgXgXgXlRlRlRlRlRlRlRlRlRlRlRxZxZxZxZxZfPfPfPfPfPfPfPfPfPfPfPfPfPfPfPfPfPfPfPfPgZgZgZgZgZgZgZgZgZgZgZgZgZgZgZgZgZgZgZgZgZgZgZgZgZgZaKaKaKaKaKaKaKaKaKkEkEkEkEkEkEkEkEkEkEkEkEkEzOzOzOzOzOzOzOzOzOzOzAzAzAzAzAzAzAzAzAzAzAzAzAzAzAzAzAzAzAzAaAaAaAaAaAaAaAaAaAaAaAaAaAaAaAaAaAaA
34, zZzZzZzZzZzZzZzZzZzZzZzZzLrZzAzZaAeSeSeSeSeSeSeSeSjAjAzBaHaHaHaHaHaHaHaHaHaYaYaYaYaYaYaYaYaYaYaYaYaYaYaYaYaYaYaYaYaYaYaYaYaYaYaYaYaYaYaYaYaYaYaYaYaYaYaYaYaYaYaYaYvZvZvZvZvZvZxZ
35, zZeAeAeAeAeAeAeAeAeAeAeAeAeAeAeAeAeAeAeAeAeAeAeAdZzZyWyWyWyWyWyWyWyWyWyWyWzZzZaAaZzAzAzAzAzAzAzAzAzAzAzAzAzAzAzAzAzAzAzAzAzTzTzTzTzTzTzTzTzTzTzTzTzTzTzTzTzTzTzTzTzTzTzTzTzTzTzTzTzTzTzTzTzTzTzTzTzTzTzTaAaAaAaAaAaAaAaAaAaAaAaAaAaAaAaAiZiZiZiZiZiZiZiZiZiZiZiZiZiZiZiZiZiZiZiZiZiZiZiZiZiZiZiZiZiZiZiZiZaA
36, lZlZlZlZlZlZlZlZlZlZlZlZlZlZlZaZmQmQmQmQmQmQmQmQmQmQmQmQmQmQmQmQmQmQmQmQmQnAnAnAnAnAnAnAnAnAnAnAnAnAnAdYdYdYdYdYdYdYdYdYaZaZaZaZaZaZaZaZaZaZaZaZaZaZaZaZaIaIaIaAaAaAaAaAaAaAaAaAaAaAaAaAaAaAaAaAaAaAaAaAaAaAaAiAiAiAiAiAiAiAiAiAiAiAiAiAiAiAiAiAiAiAiAiAiAiAiAiAiAiAiAiAiAiAiAiAiAiAiAiAiAaAaAaAaAaAaAaAaAaAaAaAaAaAaAaAaAaAaAaAaAaAaAaAaApZpZpZpZpZpZpZpZpZpZpZpZpZpZpZpZpZpZpZpZpZpZpZpZpZpZpZpZpZpZpZpZpZpZpZpZjAjAjAjAjAjAjAjAjAjAjAjAjAjAjAjAjAjAjAjAjAjAjAjAyA
37, aAqBqBqBqBzZzZzZzZzZzZzZzZzZzZzZaZaGaGaGaGaGaGaGaGaGaGaGaGaGaGaGaGaGyAmZmZmZmZmZmZmZmZvKvKvKvKvKvKvKvKvKvKvKvKvKvKvKaAaAaAaAaAaAaAaAaAaAzK
38, aRzZzAzAzAaZaZaZaZaZaZaZaZaZaZaZaZaZaZaZaZaZaZaZaZaZaZaZaZmWaAtAtAtAtAtAtAzAzAzAzAzAzAzAzAzAzAzAzAzAzAzAzAzFzFzFzFzFzFzFzFzFzFzFzFzFzFzFzFzFzFzFzFzFzFzFzFzFzFzFzFzFzFzFzFzFzFzFzFzFzFzFzFzFzFzFcMcMcMcMcMcMcMcMcMcMcMcMcMcMcMcMcMcMcMcMcMcMcMcMcMcMcMcMcMcMcMcMcMcMcMcMcMcMcMcMcMcMcMcMcMcMcMcMcMcMcMzZzZzZzZzZzZzZzZzZzZzZzZzZzZzZzZzZzZzZzZzZzZ
39, aAaAaAaAaAaAaAaAaAaAaAaAaAaAaAaAaAaAoToToTaZzAzAzAzAzAzAzAzTzTzTzTzTzTzTuZuZuZuZuZuZzKzKzKzKzAzAzAzAzAzAzAzAzAzAzAzAzAzAzAzAzAzAzAzAzAzAzAzAzAzAzAzAaUaUaUaUaUaUaUaUaUaUaUaUaUaUaUaUaUaUaUaUaUaUaUaUaUaUaUaUaUaUaUaUaUaUtT
40, qGqGqGqGqGqGqGqGqGqGqGqGqGaAxAxAxAxAxAxAxAxAxAxAxAuZzZzZaFaFaFaFaFaFaFbXbXbXbXbXbXbXbXbXbXbXbXbXbXbXbXbXbXbXbXbXbXbXbXbXbXbXbXbXbXlD
41, aHaHaHaHaHaHaHaHaHaHaHaHaHaHzZzZzZzZzZzZlZlZlZlZlZlZlZaAaZzZzZzZzZsAsAsAsAsAsAsAsAzZzAzAzAzAzAzAzAzAzAzAzAzAzAzAzAzAzAwZwZwZwZwZwZwZwZwZwZwZwZwZwZwZwZwZwZwZwZwZwZwZwZwZeZ
42, aZsTsTsTsTsTsTsTsTsTsTsTsTsTsTsTsTsTsTsTsTsTsThDhDhDhDhDhDhDhDhDhDhDzCzCzCzCzCzCzCzCzCzCzCzCzCzCzCzCzCzCzCzCzCzCzCzCzCzCzCzCwAwAwAwAwApZpZpZpZpZpZpZpZpZpZpZpZpZpZpZpZpZpZpZpZpZpZpZpZpZpZpZpZpZpZpZpZpZpZfAaNbRbRbRbRbRbRbRbRbRbRbRbRbRbRbRbRbRbRbRwZ
43, aZbZbZbZtZzZzZzZzZzZzZzZzZzZzZzZzZzZzZzZzZzZzZzZzZpZaAiAiAiAiAiAiAiAiAiAiAiAiAiAiAiAiAiAiAiAiAiAiAiAiAiAiAiAzSzSzSzSzSzSzSzSzSzSzSzSzSzSzSzSzSzSzSuAuAuAuAuAuAuAuAuAuAuAuAuAuAuAuAuAuAuAuAuAuAuAuAuAuAuAuAuArArAaA
44, zXzXzXzXzXzXzXzXrQrQrQrQrQrQrQrQrQrQrQrQrQrQrQrQzZzZzZbNaIpZpZpZpZpZpZpZpZpZpZpZpZsAsAsAsAsAsAsAsAsAsAsAsAsAsAsAsAsAsAsAsAsAsAsAsAaNaNpZpZpZpZpZpZpZpZpZpZpZpZpZpZaZ
45, aZrZrZzQzQzQzQzQzQzQzQzQzQfAaAaAaAaAaAaAaAaAaAaAaAaZzAtZtZtZtZtZtZtZzZzZzZzZzZzZzZzZzZzZzZzZaY
46, hZhZhZhZhZhZhZhZhZhZyJzZzZzZzZzZzZzZzZzZaAlAlAaA
47, aZaZaZaZaZzYzYzYzYzYzYzYzYzYzYzYzYzYzYzYzYzYzYzYzYzYoZmZaAhZcScScScScScScScScScScScScSeAeAlAlAlAlAlAlAlAaZaZaZaZaZaZaZaZaZaZaZaZaZaZaZaZaZaZaZaZaZaAaAaAaAaAaAaAaAaAaAaAaAaAaAaAaAaAaAaAaAaAaAaAaAaAaAaAaAtAtAtAtAtAtAtAtAtAtAtAtAtAtAtAtAtAtAtAtAtAtAjA
48, aWaWaWaWaWaWaWaWaWaWaZaZaZaZaZaZaZaZaZaZaZaZaZaZaZaZaZaZaZaZaZaAaAaAaAaAaAaAaApApApAzZaZlZzEzEzEzEvAvAvAvAvAvAvAvAvAvAvAvAvAvAlAlAlAzAzZsAsAsAsAsAsAsAsAsAsAsAsAsAsAsAsAsAsAaY
49, aBdAdAdAdAdAdAdAdAdAdAdAdAdAdAdAdAdAdAcHcHcHcHcHcHcHcHcHaAaAaAaAaAcAzAoZoZoZoZoZoZoZoZoZoZoZoZoZaQaQaQaQaQaQaQaQaQaQaQaQaQaQaQaQaQaQaQaQaQaQaQaQaM
50, mZnGnGnGzZzZzZyZyZyZyZaZhAhAhAhAhAhAhAhAhAhAhAhAhAhAhAhAhAhAhAhAhAhAhAhAhAhAhAhAhAhAwZzAzA
51, aZzOnAnAnAnAnAnAnAnAnAnAnAnAnAnAnAnAnAnAnAnAnAnAnAnAnAnAnAnAnAaZaZaZaZaZaZaZaZaZaZaZaZaZfZyAaZaZaZaZaZaZaZaZaZaZaZaZaZaZzA
52, aZdAbAbAbAbAbAzGzGzGzGzGzGzGzGzGzGzGzGzGzGzGzGzGzGzGzGzGzGzGzGzGzAzZaBaBaBaBaBaBaBaBaAmBmBmBmBaB
53, pApApApApApApApApApApApApAaAaAaAaAaAaAaAaDaDaDaDaAaAzUzUzUzUzUzUzUzUzUzUzUzUzUzUzUzUzUzUzUzUzUzUzUzUzUzUaAaAaAaAaAaAaAaAaAaAaAaAaAaAaAaAaAaAaAaAaAaAaAaAaAaAaAiSiSiSiSiSiSiSiSiSiSiSiSiSiSiSiSiSiSiSiSiSiSiSiSiSiSzHzHzZ
54, zQzQzQzQzQzQzQzQzQzZzZzZzZzZzZzZzZzZzZzZzZfZfZfZfZfZfZfZfZfZdAdAdAdAdAdAdAdAdAdAdAdAdAdAdAdAdAdAdAdAdAzCzCzCzCzCzCzCzCzCaZaZaZaZaZaZaZaZaZaZaZaZaZaZaZaZaZaZaZaZaZaZaZaZaZaZaZpApApApApApApApApApApApApApApAgPgPgPgPgPgPgPgPgPgPgPgPgPaZaZaZaZaZaZaZaZaZaZaZaZaZaZaZaZaZaZaZaZaZaZaZaZaZaZaZaZaZaZaZpZpZpZpZpZzA
55, aAaAaAaAaAaAaAaAaAaAaAaAaAaAaKzZjAzZaHaHaHaHaHaHaHaHaHaHaHaHaHaHbSzRzRzRzRzRzRzRzRkFkFkFkFaBaIaIaIaIaIaIaIaIaIaIzAhAhAhAhAhAhAhAhAhAhAhAhAhAhAhAhAhAhAhAxZ
56, zAzAzAzAzAzAzAzAzAwAaZaZaZaZaZaZaZaZaZaZaZaZaZaZzAzAzAzAzAzAzAzAzAzAzAzAzAzAzAzAzAzAzAzAzAzAzAzAzApZpZpZpZpZpZpZpZpZpZpZpZpZpZpZpZpZpZpZpZpZpZpZpZpZvAaAjA
57, iGiGiGiGiGiGiGiGiGiGiGiGiGiGiGiGiGiGiGaAaAaAaAaAaAaAaAaAaAaAaAaAzCzCzCzCzCzCzCwDwDwDwDwDwDwDwDwDwDwDwDwDwDwDwDwDwDwDlZlZlZlZzAzAzAaZzZzZzZzZxKxKxKaAaAaAaAaAaAaAaAaAaAaAuVuVuVuVuVuVuVuVzZ
58, gQgQgQgQgQgQgQgQgQgQgQgQgQgQgQgQgQgQgQgQgQaNaNaNaNaNaNaNaNaNaNaAvZrZrZzZaPzAzAzAzAzAzAzAzAzAzAzAzAzAzAzAzAzAzAzAzAzAzAzAzAzAaZaZaZaZaZaZaZaZaZaZaZaZaZaZaZaZ
59, zZzZzZzZzZzZzZzZzZzZzZzZzZzZzZzZzZzZzZzZzZzZzZzZaAzHzHzHzHaAxAxAxAxAxAxAxAxAxAaAaAaAaAaAaAaAaAaAaAaAaAaAaAaAaAaAaAaAaAaAaAaAaAaAaAaAaAaAaAaAaAaAaAaAaAaAaAaAaAaAaAaAaAaAaAaAaAaAaAaZaZaZaZaZaZaZaZaZaZaZaZaZaZaZaZaZaZaZaZaZaZzAzI
60, zAzAzAzAzAzAeZeRaGaGaGaGaGaGaGaGaGaGaGaZaZaZaAzZzZzZzZzZzZzZzZzZaAaAaAaAaAaAaAaAaAaAaAaAaAaCaCaCaCaCaCaCaCvMvMvMvMvMvMvMvMvMvMvMaZaZaZaZaZaZaZaZaZaZaZaZaZaZaZaZaZaZaU
61, aZaZgDgDgDgDgDgDgDgDgDgDgDkAzZlZqAaMaMaMaMaMaMaMaMaMaMaMaMaMaMaMaMaMaMaMaMaMaMaMaMaMaMaMaMaMaMaMaMzArZjZzZzZzZzZzZzZzZzZzZzZzZzZzZzZzZzZxZ
62, aAiAiAiAiAiAiAiAiAiAiAiAiAiAiAiAiAiAiAiAiAiAiAiAiAiAiAtBtBtBtBtBtBtBtBtBaZaZaKzZaTaTaTaTaTaTaTaTaTaTaTaTaTaTaTaTaTaTdIdIdIdIdIdIdIdIdIdIdIdIdIaWaWaWaWaWaWaWaWaWaWaWaWaWaWaWaWaWaWaWaWaWaWaWaWaWaWaDaDaDaDaDaDaDaDaDaDaDaDaDaDaDaDaDaDaDaDaDaDaDaDaDaDaDzZ
63, aAxZxZxZxZxZxZxZxZxZxZdZzZuZuZuZuZuZuZuZuZuZuZuZuZuZuZuZuZzAzAaB
64, cUcUcUcUcUcUcUcUcUcUcUcUcUcUcUcUcUcUcUcUcUcUcUcUcUcUcUcUcUcUuZuZuZuZuZuZuZuZuZuZuZuZuZuZuZuZuZuZuZuZuZpZzZzZzZzZzZzZzZzZzZzZzZzZzZzZzZzZzZzZzZzZzZzZzZzZzZzZzZzZaAaAaAaAaAaAoSbHaAaZaAaAaAaQaQaQaQaQaQaQaQaQiYiYiYiYiYiYiYiYiYiYiYiYiYiYiYiYiYiYiYiYiYiYrZ
65, aZzAzAzAzAzAzAzAzArAwAaAaZsZzZzZzZzZzZzZqHqHqHqHqHqHqHqHqHqHqHqHqHtDtDtDtDtDtDtDtDtDtDtDtDtDtDtDtDtDtDtDtDaZ
66, iZuWaUaUaUaUaUaUaUaUaUpApApApApZpZpZpZpZpZpZpZpZpZpZpZpZpZpZaAyAyAyAyAyAyAyAyAyAyAyAyAyAzZzZzZzZzZzZzZzZzZzZzZzZgZgZgZgZgZgZgZgZgZgZgZgZgZgZgZgZgZzZzZzZzZzZzZzZzZzZzZzZzZzZzZzZzZzZzZzZzZzZzZzZzZzZzZzZzV
67, zAzAzAzAzAzAzAzAzAzAzAzAzAzAzAzAzAzAzAzZpZpZpZpZpZpZpZpZpZzAzAzAzAzAzAzAzAzAzAzAzAzAzAzAzAzAzAzAzAzAaAaAaAaAaAaAaAaAaAaAaAaAaAaAaAaAaAaVaZzEzEzEzEzEzEzEzEhAzIzIzIzIzIzIzIzIzIzIzIzIzIzIzIzIzIzIzIzIzIzIzIzIzIzIzIzIzIzIzIzIzIzIzIzImZmZmZmZmZmZmZmZzA
68, iNaPaPpXpXpXpXpXpXpXpXaZaZaZaZaZaZaZaZvAvAvAvAvAvAvAvAvAvAvAvAvAtAtAtAtAtAaZaZaZaZaZaZaZaZaZaZaZaZaZaZaZaZaZaZaZaZlKlKlKlKlKlKlKlKlKlKlKlKlKlKlKlKzAzAzAzAzAzZzZzZzZzZzZzZzZzZzZzZzZzZzZ
69, zZzZzZzZzZzZzZzZzZzZzZaLzAzAzAzAzAzAzAzAzAzAzAzAzAzAzAzAzAzAzAzApYpYpYpYpYpYpYpYpYpYpYpYpYpYpYpYpYpYpYpYpYpYpYnZnZnZnZnZnZnZnZfCfCfCfCfCfCfCfCfCfCfCfCfCfCfCfCfCfCfCaAlAlAlAlAlAlAlAlAlAzZzZzZzZzZzZzZzZzZzZzZzZzZzZzZzZiAiAiAiAiAiAiAiAiAiAiAiAiAiAiAiAiAiAiAiAiAiAiAiAiAiAiAiAiAiAmZmZmZzA
70, tZtZtZtZtZtAtAtAtAtAtAtAtAtAtAtAtAtAtAtAtAtAtAtAxZbZbZbZbZbZbZbZbZbZaKaKaKaKzZzZzZzZzZzZzZzZzZzZzZzZzZzZzZzZzZzZzZzZaXaXaXaXaXaXaXaXaXaXaXaXaXaXaXaXaXaXaXaXaXaXaXaXaXzJ
71, iAiAiAiAiAiAiAiAiAiAiAiAiAiAiAiAiAiAiAzAhZhZhZhZhZhZhZhZhZhZhZhZhZzWzWzWzWzWzWqAdAdAdAdAdAdAdAdAdAdAdAdAdAdAdAdAdAdAdAzAzAzAzAzAzAzAzAzAzAzAzAzAzAzAzAzAzAzAzAzAzAzAzAaZpZ
72, mAmAmAmAmAmAmAmAmAmAmAmAmAmAmAjAdZdZdZwCwCwCwCwCwCwCwCwCwCwCwCwCwCwCwCwCwCwCwCwCwCwCwCwCwCwCwCwCaZaZaZaZaZaZaZaZaZaZsFsFsFsFsFsFsFsFsFsFsFsFsFsFsFsFsFsFyLoKaFnZ
73, bAbAbAbAbAbAbAbAbAbAbAbAtItItItItItItItItItItItItItItItItItItItIcOcOcOcOcOcOcOcObYbYqAiMiMiMiMiMiMiMiMiMiMaAaAaAaAaAaAaAaAaAaAaAaAuAuAuAuAuAuAuAuAuAuAuAuAuAuAuAuAuAuAuAaRaRaRaXnQnQnQnQnQnQnQnQnQnQnQnQnQnQnQnQnQnQnQnQnQnQnQnQmZ
74, cAcAcAcAcAcAcAcAaXrZzZzZzZzZzZzZzZzZzZzAzAzAzAzAzAzAzAzAzAzAzAzAzAzAzAzAzAaZzAzZzZzZyZ
75, zDzDzDzDkHzZzZzZzAxXzAzAzAzAzAzAzAzZzZzZcZzZzZzZzZzZzZzZzZzZzZaZaZaZaZaZaZaZaZaZaZaZaZaZaZaZaZaZaZfMfMfMfMfMfMfMfMfMfMfMfMfMfMfMfMfMfMfMfMzA
76, jAaZaZaZaZaZaZaZaZaZaZzAzAzAzAzAzAzAzAzAzAzAzAzAzAzAzAaZaZaZaZaZaZaZaZaZaZaZaZaZqAaApRpRpRlZlZlZlZlZlZlZlZlZlZlZlZlZlZlZlZlZlZlZlZlZlZlZyA
77, tZaZaZzZtAtAtAtAtAaTaTaTaTaTaTaTaTaTaTaTaTaZaZaZaZaZaZaZaZaZaZaZaZaZaZaZsUsUsUsUsUsUsUsUsUsUsUnZnZnZnZnZnZnZnZnZnZnZnZnZnZnZnZnZnZnZnZnZnZnZnZoQoQzAzAzAzAzAzAzAzAzAzAzAzAzAzZ
78, vUvUvUvUvUvUcGcGcGcGcGcGcGzDzDzDzDaIaEaEaEaEaEaEaAaAaAaAaAaAaAaAaAaAzAzAzAzAzAzAzAzAzAzAzAzAzAzAzAzAzAxZxZsA
79, zRzZaAaAaAaAaAaAaAaAaAaAaAaAfYfYfYfYfYfYfYfYfYfYzXzXzXzXzXzXzXzXzXuAuAuAuAuAuAuAuAuAuAuAuAzZqIqIqIvAvAvAvAvAvAvAvAvAvAvAvAvAvAvAvAvAvAvAzZzZzZzZzZzZzZzZzZzZzZzZzA
80, yAaAaYaYaYaYaYaYaYaYaYaYaAaZaZaZaZaZaZaZaZaZaZaZaZaZaZaZaZaZaZaZaZaZaZaZaZaZaZaZaZaZaZaZaZaZaZaZxAzAzAzAzAzAzAzAzAzAzAzAzAzAzAzAzAzAzAzAzAzAzAzAzAzAzAzAzAzAzAaUaUaUaUaUaUaUaUaUaUaUaUaUaUaUaUaUaUaUaUaUaUaUaUaUaUaUaUaUaUaUaUaUaUaUaUaUzRlGlGlGlGlGlGlGlGlGlGlGlGlGlGlGlGlGlGlGzZzZzZzZzZzZzZzZzZzZzZzZzZzZzZzZzZzZzZzZzZzZzZpN
81, zNzNzNzNzNzNzNzNzNzNzNzNzNzNzNzNzNzNzNzNzEaQaAaAaAaCaCgAgAgAgAgAgAgAgAgAgAgAgAgAgAgAgAgAgAgAgAmZzAzAzAzAzAzAzAzAzAzAzAzAzAzAzAzAzAzAdAdAdAzOzOzOzOzOzOvAvAvAvAvAvAjV
82, jZaZaZaZaZaZaZaZaZaZaZaZaZaZaZaZaZaZaZaZaZaZaZaZaZaZaZaZaZzAzAzAzAzAzAzAzAzAzAzAzAzAzAzAzAzAzAzAbAzAzAzAzAzAzAzAzAzAzAzAzAzAzAzAzAzAzAzAzAzAzAzAzAzAzAfAfAfAfAfAfAfAfAfAfAfAfAfAfAfAfAfAfAfAfAfAfAfAfAfAzZzZzBzBzBzBdZ
83, zAzArZrZrZrZrZrZrZrZrZrZrZrZrZrZrZrZrZrZrZrZyZyZyZyZlAlAlAlAlAlAlAlAlAlAlAlAlAlAlAlAlAlAaUqAbZbZbZbZbZbZnE
84, zAaToZaAaAaAaAaAaAaAaAaAaAaAaAaAaAaAaAaAaAaAaAaAzZzZzZzZzZzZzYdHzZzZzZzZzZzZzZzZzZzZzZzZzZzZzZzZzZzZzZzZzZzZzZzZzZzIzIzIzIzIzIzIzIzIaZzZzZzZzZzZzZzZzZzZzZzZzZzZaUaUaUaUaUaUaUaUaAaAaG
85, uQuQuQuQuQuQuQuQuQuQuQuQuQuQuQuQuQuQuQuQuQuQuQuQaZaZaZaZaZaZaZaZaZaZaZaZaZaZaZaAaAaAaAaAaAaAaAaAaAaAaAaAaAaAaAaAaAaAaAaAaAaAaAaAaAnZnZnZnZnZfAfAfAfAaZaZaZaZaZaZaZaZaZaZaZaZaZaZaZaZaZaZpZpZpZaAzAzCzCzCzZzZzZaZ
86, qAgZcAzAvYrHrHrHrHrHrHrHrHrHrHrHrHrHrHrHrHrHzDzDzDzDzDzDzDzDzDzDzDzDzDzDzDzDzDzDzDsFsFsFsFsFsFsFsFzB
87, aZaZaZaZaZaZaZaZaZaZaZaZaZaZaZaZaZiOiOiOiOiOiOiOiOiOiOiOiOiOiOyPaZaZaZaZaZaZaZaZaZaZaZaZaZaZaZaZaZaZaZaZaZzZcKrArArArArArArArArArArArArArArArArAzAzAzAzAzAzAzAzAzAzAzAzAzAzAzAzAzAzAzAzAzAzAzAzAzAzFzFzFzFzFzFzFzFzFzFzFzFzFzFzFzFzFzFzFzFzFzFzFzFzFzFzFzFzFzFzFzFzFzFzFzFzFzFzFzFzFzGzGzGzGzGzGzGzGzGzGzGzGzGzGzGzGzGzGzGzGzGzGzGzGzGzGzGzGzGzGzGzGzGzGzGzGzGzAzAzAzAzAzAzAzAzAzAzAzAzAzAzAzAzAzAzAzAmZ
88, hAaZaAaAaAaAaAzAzAzAzAzAzAzAzAzAzAzZzZzZzZzZzZzZzZzZzZzZzZzZzZzZzQzQzQzQzQzQzQzQzQzQzQzQzQzQzQzQzQzQzQzQzQzQzQzQzQzQzQaAaAaAaAaAaAaAaAaAaAaMaMaMaMaMaMaMaMaMaMaMaMzAzAzAzAaZ
89, kZkZkZkZkZkZkZkZkZkZkZkZkZkZkZkZkZkZkZkZkZkZzZbDaAuXhZhZaZaZaAaAaAaAaAaAaAaAaAaAaAaAaAaAaAaAaAaAaAsZsZsZsZsZsZsZsZsZsZsZsZsZsZsZsZsZsZsZsZsZsZzZfZfZfZzPzK
90, wZaZaAzAzZaUpQzZzZzZzZzZzZzZqZeZ
91, zWdAdAdAdAdAdAdAdAdAdAdAdAdAdAdAdAdAzQzZzZzZzZzZzZzZzZzZaAaAaAaAaAaAaAaAaAaAaAaAaAaAaAzAySySySySySySySySySySySySzZzZzZzZzZzZzZzZzZzZzZzZzZzZzZzZzZzZzZzZzZzZzZzZzZaZaZaZaZaZaZaZaZaZaZaZaZaZaZaZaZaZaZaZaZaZaZaZaZaZaZaZaZaZaZkZ
92, xZxZxZxZxZxZxZxZxZxZxZxZxZxZaAaAaAaAaAaAaAaAaAaAaArZzAzAzAzAzAzAzAzAzAzAzAaNaNaNaNaNaNaNaNaNaNaNaNaAzZzZzZzZzZzZzZzZzZzZzZzZzZzZzZzZxZ
93, tZzOzAzCzCzCzCzCzCzCzCzCzCzCzCzCzCzCzCzCzCzCzCzCaRzAfAgAgAgAgAgAgAgAgAgAgAgAgAzZzZzZzZzZzZzZgD
94, wZaZzJzJzJzJzJzJzJzJzJzArZrZrZrZrZrZrZrZrZrZrZrZzArZrZrZrZrZrZrZrZrZrZrZrZrZrZrZrZrZrZrZrZrZrZrZnAnAnAnAnAnAnAnAnAnAnAnAnAnAnAnAnAnAnAnAnAnAnAzOwA
95, lAlAlAlAlAlAlAaAzZaSaSaSaSaSaSaSaSaSaSaSaSaSaSaSaSaSaSaSaSaSaSaSaSaSaSaSaSaSzQzQzQzQzQzQzQzQzQzQaKaKaKaKaKaKzWzWzWzWaAaAaAaAaAaAaAaAaAaAaAaAaAaAaAaAaAaAaAaAaAaAaAaAaAaAaAaAkZkZkZkZkZkZkZkZkZkZkZkZkZkZkZkZkZkZkZkZkZkZkZkZkZkZkZkZkZkZkZkZkZkZsAsAsAsAsAsAsAsAsAsAsAsAsAsAsAsAzAzAzAzAzAzAzAzAzAzAzAzAzAzAzAzAaAaAaAaAaAaAaAaAaAaAaAaAaAaAzA
96, kQkQkQkQkQkQkQkQaZaZaZaZaZaZaZaZaZaZaZzZzZzZzZzZzZzZzZzZzZzZzZzZzZzZzZzZaZaZaZaZaZaZaZaZaZaZaZaZaZaZaZaZaZaZaZaZaZaZaZaZaZaZaZaZzSzSzSzSzSzSjEjEjEjEjEjEjEjEjEjEjEjEjEjEjEaZaZaBaBaBaBaBaBaBaBaBaBaBaBaBaBzU
97, zKzKzKzAaZaZaZaZaZaZaZaZaZaZaZaZaZaZaZaZaZaZaZaZaZaZaZaZaZaZaZaZaZaZaZaZaZaZaZaAaAaAaAaAaAaAaAaAaAaAaAaAaAaAaAnAnAhAhAhAvZ
98, aArArArArArArArAnZnZnZnZnZnZnZnZnZnZnZnZnZnZnZrBrBrBrBrBrBrBrBrBzZmLaHzZgZgZgZgZgZgZgZgZgZuAzG
99, fAfAfAfAfAfAfAfAfAfAfAfAfAfAaAnAnAnAnAnAnAnAnAnAnAnAnAnAnAnAnAnAcAcAcAcAcAcAcAcAcAcAcAcAcAcAcAcAcAcAcAcAcAcAzPzPzPzPzPzPzPzPzPtZtZtZtZtZtZtZtZtZtZtZtZtZtZtZaWaWaWaWaWaWaWaWaWaWaWzAzAzAzAzAzAzNzNzNzNzNzNzNzNzNzNzNzNzYzYzYaAaAyLyLyLyLyLyLyLyLyLaZaZaZaZaZaZaZaZaZaZaZaZaZaZaZaZaZaZzX
